27, 125, pa2-debug-a-output1.txt
  207.23,   201.94,   208.5
  401.24,   406.78,   198.28
  98.37,   98.17,   99.61
  98.49,   95.74,   224.58
  98.62,   93.3,   349.56
  99.87,   223.14,   102.04
  99.99,   220.7,   227.02
  100.11,   218.26,   352.0
  101.37,   348.11,   104.48
  101.49,   345.67,   229.46
  101.61,   343.23,   354.43
  223.36,   96.68,   99.46
  223.48,   94.24,   224.43
  223.61,   91.8,   349.41
  224.86,   221.65,   101.89
  224.98,   219.21,   226.87
  225.1,   216.77,   351.84
  226.36,   346.61,   104.33
  226.48,   344.17,   229.3
  226.6,   341.74,   354.28
  348.35,   95.18,   99.31
  348.48,   92.75,   224.28
  348.6,   90.31,   349.26
  349.85,   220.15,   101.74
  349.97,   217.71,   226.72
  350.1,   215.27,   351.69
  351.35,   345.12,   104.18
  351.47,   342.68,   229.15
  351.59,   340.24,   354.13
  101.34,   101.58,   226.34
  103.75,   104.39,   351.28
  106.16,   107.21,   476.23
  104.0,   226.52,   223.47
  106.42,   229.33,   348.41
  108.83,   232.15,   473.36
  106.67,   351.45,   220.6
  109.08,   354.27,   345.55
  111.49,   357.09,   470.49
  226.29,   98.86,   223.99
  228.7,   101.68,   348.93
  231.11,   104.49,   473.87
  228.95,   223.8,   221.12
  231.36,   226.61,   346.06
  233.78,   229.43,   471.01
  231.62,   348.74,   218.25
  234.03,   351.55,   343.19
  236.44,   354.37,   468.14
  351.24,   96.14,   221.63
  353.65,   98.96,   346.58
  356.06,   101.77,   471.52
  353.9,   221.08,   218.77
  356.31,   223.9,   343.71
  358.72,   226.71,   468.66
  356.56,   346.02,   215.9
  358.98,   348.83,   340.84
  361.39,   351.65,   465.79
  100.16,   101.98,   349.85
  98.36,   103.97,   474.82
  96.56,   105.97,   599.79
  97.66,   226.94,   347.82
  95.85,   228.93,   472.79
  94.05,   230.93,   597.76
  95.15,   351.89,   345.79
  93.34,   353.89,   470.76
  91.54,   355.89,   595.73
  225.13,   104.51,   351.61
  223.32,   106.51,   476.59
  221.52,   108.51,   601.56
  222.62,   229.47,   349.58
  220.81,   231.47,   474.55
  219.01,   233.46,   599.52
  220.11,   354.43,   347.55
  218.31,   356.43,   472.52
  216.5,   358.42,   597.49
  350.09,   107.05,   353.38
  348.28,   109.05,   478.35
  346.48,   111.04,   603.32
  347.58,   232.01,   351.35
  345.78,   234.01,   476.32
  343.97,   236.0,   601.29
  345.07,   356.97,   349.31
  343.27,   358.96,   474.29
  341.46,   360.96,   599.26
  101.63,   98.72,   473.76
  101.65,   95.15,   598.71
  101.68,   91.58,   723.66
  104.78,   223.63,   477.33
  104.8,   220.06,   602.28
  104.83,   216.49,   727.23
  107.93,   348.54,   480.9
  107.95,   344.97,   605.85
  107.98,   341.39,   730.8
  226.59,   95.57,   473.65
  226.62,   92.0,   598.6
  226.64,   88.43,   723.55
  229.74,   220.48,   477.22
  229.76,   216.91,   602.17
  229.79,   213.34,   727.12
  232.89,   345.39,   480.79
  232.91,   341.82,   605.74
  232.94,   338.25,   730.69
  351.55,   92.43,   473.53
  351.58,   88.85,   598.48
  351.6,   85.28,   723.43
  354.7,   217.33,   477.1
  354.73,   213.76,   602.05
  354.75,   210.19,   727.0
  357.85,   342.24,   480.68
  357.88,   338.67,   605.62
  357.9,   335.1,   730.57
  99.82,   101.43,   598.39
  103.37,   99.67,   723.33
  106.92,   97.9,   848.27
  99.66,   226.42,   600.16
  103.21,   224.65,   725.1
  106.76,   222.89,   850.03
  99.49,   351.4,   601.93
  103.04,   349.64,   726.87
  106.59,   347.88,   851.8
  224.77,   101.64,   594.85
  228.32,   99.88,   719.78
  231.87,   98.12,   844.72
  224.6,   226.63,   596.61
  228.16,   224.87,   721.55
  231.71,   223.11,   846.49
  224.44,   351.62,   598.38
  227.99,   349.86,   723.32
  231.54,   348.1,   848.25
  349.72,   101.86,   591.3
  353.27,   100.1,   716.23
  356.82,   98.34,   841.17
  349.55,   226.85,   593.07
  353.1,   225.09,   718.0
  356.65,   223.32,   842.94
  349.39,   351.84,   594.83
  352.94,   350.07,   719.77
  356.49,   348.31,   844.71
  100.99,   223.52,   100.02
  101.76,   220.03,   224.97
  102.54,   216.55,   349.92
  102.35,   348.46,   103.5
  103.12,   344.98,   228.45
  103.9,   341.49,   353.39
  103.71,   473.41,   106.97
  104.49,   469.92,   231.92
  105.26,   466.44,   356.87
  225.98,   222.18,   99.21
  226.75,   218.7,   224.16
  227.53,   215.21,   349.1
  227.34,   347.13,   102.68
  228.12,   343.64,   227.63
  228.89,   340.15,   352.58
  228.7,   472.07,   106.16
  229.48,   468.58,   231.11
  230.25,   465.1,   356.06
  350.97,   220.84,   98.39
  351.74,   217.36,   223.34
  352.52,   213.87,   348.29
  352.33,   345.79,   101.87
  353.11,   342.3,   226.82
  353.88,   338.82,   351.77
  353.69,   470.73,   105.35
  354.47,   467.25,   230.3
  355.24,   463.76,   355.25
  98.23,   223.47,   223.81
  99.56,   226.85,   348.76
  100.89,   230.24,   473.7
  99.04,   348.42,   220.41
  100.37,   351.81,   345.36
  101.71,   355.19,   470.31
  99.86,   473.37,   217.02
  101.19,   476.76,   341.97
  102.52,   480.14,   466.91
  223.22,   222.62,   222.5
  224.55,   226.0,   347.45
  225.88,   229.39,   472.4
  224.03,   347.57,   219.11
  225.36,   350.96,   344.05
  226.7,   354.34,   469.0
  224.85,   472.52,   215.71
  226.18,   475.91,   340.66
  227.51,   479.29,   465.6
  348.21,   221.77,   221.19
  349.54,   225.15,   346.14
  350.87,   228.54,   471.09
  349.02,   346.72,   217.8
  350.36,   350.1,   342.74
  351.69,   353.49,   467.69
  349.84,   471.67,   214.4
  351.17,   475.06,   339.35
  352.5,   478.44,   464.3
  98.77,   224.89,   348.21
  98.32,   227.58,   473.18
  97.88,   230.28,   598.15
  98.48,   349.86,   345.51
  98.03,   352.56,   470.48
  97.58,   355.25,   595.45
  98.18,   474.83,   342.81
  97.73,   477.53,   467.78
  97.29,   480.22,   592.75
  223.77,   225.19,   348.65
  223.32,   227.89,   473.62
  222.88,   230.59,   598.59
  223.47,   350.16,   345.95
  223.03,   352.86,   470.92
  222.58,   355.56,   595.89
  223.18,   475.13,   343.25
  222.73,   477.83,   468.22
  222.29,   480.53,   593.19
  348.77,   225.5,   349.09
  348.32,   228.19,   474.06
  347.87,   230.89,   599.03
  348.47,   350.47,   346.39
  348.03,   353.16,   471.36
  347.58,   355.86,   596.33
  348.18,   475.44,   343.69
  347.73,   478.14,   468.66
  347.28,   480.83,   593.63
  101.0,   224.72,   473.64
  101.12,   224.88,   598.64
  101.24,   225.05,   723.64
  104.2,   349.68,   473.47
  104.33,   349.84,   598.47
  104.45,   350.0,   723.47
  107.41,   474.64,   473.31
  107.53,   474.8,   598.31
  107.66,   474.96,   723.31
  225.95,   221.51,   473.52
  226.08,   221.68,   598.52
  226.2,   221.84,   723.52
  229.16,   346.47,   473.36
  229.28,   346.64,   598.35
  229.41,   346.8,   723.35
  232.37,   471.43,   473.19
  232.49,   471.59,   598.19
  232.62,   471.76,   723.19
  350.91,   218.31,   473.4
  351.04,   218.47,   598.4
  351.16,   218.63,   723.4
  354.12,   343.27,   473.24
  354.24,   343.43,   598.24
  354.37,   343.59,   723.24
  357.33,   468.22,   473.07
  357.45,   468.39,   598.07
  357.57,   468.55,   723.07
  100.3,   223.77,   601.11
  100.94,   223.15,   726.11
  101.59,   222.52,   851.1
  101.97,   348.76,   601.72
  102.61,   348.13,   726.72
  103.25,   347.51,   851.72
  103.63,   473.74,   602.34
  104.27,   473.12,   727.33
  104.92,   472.5,   852.33
  225.29,   222.11,   600.46
  225.93,   221.48,   725.45
  226.57,   220.86,   850.45
  226.95,   347.09,   601.07
  227.6,   346.47,   726.07
  228.24,   345.85,   851.07
  228.62,   472.08,   601.69
  229.26,   471.46,   726.68
  229.91,   470.83,   851.68
  350.27,   220.44,   599.81
  350.92,   219.82,   724.8
  351.56,   219.2,   849.8
  351.94,   345.43,   600.42
  352.58,   344.81,   725.42
  353.23,   344.18,   850.41
  353.61,   470.42,   601.03
  354.25,   469.79,   726.03
  354.89,   469.17,   851.03
  98.31,   350.31,   100.18
  101.75,   350.37,   225.14
  105.19,   350.43,   350.09
  99.02,   475.31,   100.11
  102.46,   475.37,   225.06
  105.9,   475.43,   350.01
  99.73,   600.31,   100.03
  103.17,   600.37,   224.98
  106.61,   600.42,   349.94
  223.27,   349.6,   96.75
  226.7,   349.66,   221.7
  230.14,   349.72,   346.65
  223.97,   474.6,   96.67
  227.41,   474.66,   221.62
  230.85,   474.72,   346.57
  224.68,   599.6,   96.59
  228.12,   599.66,   221.54
  231.56,   599.72,   346.5
  348.22,   348.9,   93.31
  351.65,   348.95,   218.26
  355.09,   349.01,   343.21
  348.92,   473.89,   93.23
  352.36,   473.95,   218.18
  355.8,   474.01,   343.14
  349.63,   598.89,   93.15
  353.07,   598.95,   218.11
  356.51,   599.01,   343.06
  98.76,   348.07,   224.98
  100.97,   351.38,   349.92
  103.18,   354.7,   474.85
  98.79,   473.03,   221.66
  101.0,   476.34,   346.6
  103.2,   479.66,   471.54
  98.82,   597.98,   218.35
  101.02,   601.3,   343.28
  103.23,   604.61,   468.22
  223.74,   347.98,   222.77
  225.95,   351.3,   347.71
  228.16,   354.61,   472.65
  223.77,   472.94,   219.46
  225.98,   476.26,   344.39
  228.19,   479.57,   469.33
  223.8,   597.9,   216.14
  226.0,   601.21,   341.08
  228.21,   604.53,   466.01
  348.72,   347.9,   220.57
  350.93,   351.21,   345.5
  353.14,   354.53,   470.44
  348.75,   472.85,   217.25
  350.96,   476.17,   342.19
  353.17,   479.48,   467.12
  348.78,   597.81,   213.93
  350.98,   601.13,   338.87
  353.19,   604.44,   463.81
  100.95,   350.02,   351.07
  99.28,   352.6,   476.03
  97.61,   355.19,   600.99
  102.79,   474.98,   348.51
  101.12,   477.56,   473.47
  99.45,   480.15,   598.43
  104.63,   599.94,   345.94
  102.96,   602.52,   470.91
  101.29,   605.11,   595.87
  225.92,   348.21,   352.77
  224.25,   350.8,   477.74
  222.58,   353.38,   602.7
  227.76,   473.17,   350.21
  226.09,   475.76,   475.17
  224.43,   478.34,   600.14
  229.6,   598.13,   347.65
  227.94,   600.72,   472.61
  226.27,   603.3,   597.57
  350.9,   346.4,   354.48
  349.23,   348.99,   479.44
  347.56,   351.58,   604.4
  352.74,   471.36,   351.92
  351.07,   473.95,   476.88
  349.4,   476.54,   601.84
  354.58,   596.32,   349.36
  352.91,   598.91,   474.32
  351.24,   601.5,   599.28
  100.56,   349.65,   473.69
  101.4,   350.47,   598.69
  102.24,   351.3,   723.68
  99.26,   474.64,   472.88
  100.1,   475.46,   597.87
  100.93,   476.29,   722.87
  97.96,   599.63,   472.06
  98.79,   600.45,   597.06
  99.63,   601.28,   722.05
  225.55,   350.95,   472.85
  226.39,   351.77,   597.84
  227.23,   352.59,   722.84
  224.25,   475.94,   472.03
  225.09,   476.76,   597.02
  225.92,   477.58,   722.02
  222.95,   600.93,   471.21
  223.78,   601.75,   596.21
  224.62,   602.57,   721.2
  350.54,   352.24,   472.0
  351.38,   353.07,   596.99
  352.22,   353.89,   721.99
  349.24,   477.23,   471.18
  350.08,   478.06,   596.18
  350.91,   478.88,   721.17
  347.94,   602.22,   470.37
  348.77,   603.05,   595.36
  349.61,   603.87,   720.36
  100.81,   350.8,   599.92
  102.16,   350.8,   724.92
  103.52,   350.81,   849.91
  99.06,   475.79,   599.94
  100.41,   475.79,   724.93
  101.77,   475.79,   849.93
  97.31,   600.78,   599.96
  98.66,   600.78,   724.95
  100.02,   600.78,   849.94
  225.79,   352.55,   598.57
  227.14,   352.55,   723.56
  228.5,   352.56,   848.55
  224.04,   477.54,   598.58
  225.4,   477.54,   723.58
  226.75,   477.54,   848.57
  222.29,   602.53,   598.6
  223.65,   602.53,   723.59
  225.0,   602.53,   848.59
  350.77,   354.3,   597.21
  352.13,   354.3,   722.21
  353.48,   354.31,   847.2
  349.02,   479.29,   597.23
  350.38,   479.29,   722.22
  351.73,   479.29,   847.22
  347.27,   604.28,   597.25
  348.63,   604.28,   722.24
  349.98,   604.28,   847.23
  99.87,   473.85,   100.85
  96.64,   477.16,   225.76
  93.41,   480.47,   350.68
  101.89,   598.79,   97.59
  98.66,   602.1,   222.5
  95.43,   605.41,   347.42
  103.91,   723.73,   94.33
  100.68,   727.04,   219.24
  97.44,   730.35,   344.15
  224.81,   471.91,   104.13
  221.58,   475.23,   229.04
  218.35,   478.54,   353.96
  226.83,   596.85,   100.87
  223.6,   600.17,   225.78
  220.37,   603.48,   350.7
  228.85,   721.8,   97.61
  225.62,   725.11,   222.52
  222.39,   728.42,   347.44
  349.76,   469.98,   107.41
  346.52,   473.29,   232.33
  343.29,   476.61,   357.24
  351.77,   594.92,   104.15
  348.54,   598.24,   229.07
  345.31,   601.55,   353.98
  353.79,   719.86,   100.89
  350.56,   723.18,   225.81
  347.33,   726.49,   350.72
  99.81,   476.9,   223.77
  101.04,   473.41,   348.72
  102.27,   469.91,   473.66
  97.18,   601.82,   227.29
  98.41,   598.33,   352.24
  99.64,   594.84,   477.18
  94.56,   726.75,   230.81
  95.79,   723.25,   355.75
  97.02,   719.76,   480.7
  224.78,   479.56,   222.62
  226.01,   476.07,   347.56
  227.23,   472.57,   472.51
  222.15,   604.48,   226.13
  223.38,   600.99,   351.08
  224.61,   597.49,   476.03
  219.53,   729.41,   229.65
  220.75,   725.91,   354.6
  221.98,   722.42,   479.54
  349.74,   482.22,   221.46
  350.97,   478.72,   346.41
  352.2,   475.23,   471.35
  347.12,   607.14,   224.98
  348.35,   603.65,   349.92
  349.58,   600.15,   474.87
  344.49,   732.06,   228.5
  345.72,   728.57,   353.44
  346.95,   725.08,   478.39
  98.03,   477.0,   350.25
  98.96,   478.51,   475.23
  99.89,   480.02,   600.22
  101.27,   601.94,   348.71
  102.2,   603.46,   473.69
  103.13,   604.97,   598.68
  104.51,   726.89,   347.17
  105.43,   728.41,   472.16
  106.36,   729.92,   597.14
  222.99,   473.75,   349.36
  223.92,   475.26,   474.34
  224.84,   476.78,   599.33
  226.22,   598.7,   347.82
  227.15,   600.21,   472.81
  228.08,   601.73,   597.79
  229.46,   723.65,   346.28
  230.39,   725.16,   471.27
  231.32,   726.67,   596.26
  347.94,   470.5,   348.47
  348.87,   472.02,   473.46
  349.8,   473.53,   598.44
  351.18,   595.45,   346.93
  352.11,   596.96,   471.92
  353.04,   598.48,   596.91
  354.42,   720.4,   345.39
  355.34,   721.91,   470.38
  356.27,   723.43,   595.37
  99.94,   473.37,   475.87
  99.27,   469.77,   600.82
  98.6,   466.17,   725.77
  97.46,   598.29,   479.46
  96.79,   594.7,   604.41
  96.12,   591.1,   729.35
  94.97,   723.22,   483.04
  94.3,   719.62,   607.99
  93.63,   716.02,   732.94
  224.92,   475.83,   476.62
  224.25,   472.24,   601.56
  223.58,   468.64,   726.51
  222.43,   600.76,   480.2
  221.76,   597.16,   605.15
  221.09,   593.56,   730.09
  219.94,   725.68,   483.78
  219.27,   722.08,   608.73
  218.6,   718.49,   733.68
  349.89,   478.3,   477.36
  349.22,   474.7,   602.3
  348.55,   471.1,   727.25
  347.4,   603.22,   480.94
  346.73,   599.62,   605.89
  346.06,   596.03,   730.83
  344.92,   728.15,   484.53
  344.25,   724.55,   609.47
  343.58,   720.95,   734.42
  98.26,   474.45,   600.59
  98.76,   473.19,   725.59
  99.26,   471.93,   850.58
  101.01,   599.41,   601.84
  101.52,   598.15,   726.83
  102.02,   596.89,   851.83
  103.77,   724.38,   603.09
  104.27,   723.12,   728.08
  104.77,   721.86,   853.08
  223.22,   471.7,   600.06
  223.73,   470.44,   725.05
  224.23,   469.18,   850.05
  225.98,   596.67,   601.31
  226.48,   595.4,   726.3
  226.99,   594.14,   851.3
  228.73,   721.63,   602.56
  229.24,   720.37,   727.55
  229.74,   719.11,   852.54
  348.19,   468.95,   599.53
  348.7,   467.69,   724.52
  349.2,   466.43,   849.51
  350.95,   593.92,   600.78
  351.45,   592.66,   725.77
  351.96,   591.4,   850.76
  353.7,   718.88,   602.03
  354.21,   717.62,   727.02
  354.71,   716.36,   852.01
  99.84,   598.46,   100.83
  102.56,   599.23,   225.79
  105.28,   600.01,   350.76
  101.03,   723.45,   100.03
  103.75,   724.22,   224.99
  106.47,   725.0,   349.96
  102.23,   848.44,   99.23
  104.95,   849.22,   224.2
  107.66,   849.99,   349.16
  224.81,   597.25,   98.12
  227.52,   598.02,   223.08
  230.24,   598.8,   348.05
  226.0,   722.24,   97.32
  228.72,   723.01,   222.28
  231.44,   723.79,   347.25
  227.19,   847.23,   96.52
  229.91,   848.01,   221.48
  232.63,   848.78,   346.45
  349.77,   596.04,   95.4
  352.49,   596.81,   220.37
  355.21,   597.58,   345.34
  350.96,   721.03,   94.61
  353.68,   721.8,   219.57
  356.4,   722.58,   344.54
  352.16,   846.02,   93.81
  354.88,   846.8,   218.77
  357.59,   847.57,   343.74
  99.98,   598.74,   226.2
  97.35,   599.25,   351.17
  94.72,   599.77,   476.14
  101.51,   723.73,   225.71
  98.89,   724.24,   350.69
  96.26,   724.76,   475.66
  103.05,   848.72,   225.23
  100.42,   849.23,   350.2
  97.79,   849.75,   475.17
  224.94,   597.21,   228.83
  222.31,   597.73,   353.81
  219.68,   598.25,   478.78
  226.48,   722.2,   228.35
  223.85,   722.72,   353.32
  221.22,   723.23,   478.29
  228.01,   847.19,   227.86
  225.39,   847.71,   352.83
  222.76,   848.22,   477.81
  349.9,   595.68,   231.47
  347.27,   596.2,   356.44
  344.65,   596.72,   481.41
  351.44,   720.67,   230.98
  348.81,   721.19,   355.95
  346.18,   721.71,   480.93
  352.98,   845.66,   230.5
  350.35,   846.18,   355.47
  347.72,   846.7,   480.44
  99.36,   601.81,   348.53
  99.53,   603.0,   473.52
  99.7,   604.19,   598.52
  97.01,   726.78,   347.34
  97.18,   727.97,   472.33
  97.35,   729.17,   597.33
  94.66,   851.75,   346.15
  94.83,   852.94,   471.14
  95.0,   854.14,   596.14
  224.34,   604.16,   348.34
  224.51,   605.35,   473.33
  224.68,   606.54,   598.32
  221.99,   729.13,   347.15
  222.16,   730.32,   472.14
  222.33,   731.52,   597.13
  219.64,   854.1,   345.96
  219.81,   855.29,   470.95
  219.98,   856.49,   595.94
  349.32,   606.51,   348.14
  349.49,   607.7,   473.14
  349.66,   608.89,   598.13
  346.96,   731.48,   346.95
  347.14,   732.67,   471.95
  347.31,   733.87,   596.94
  344.61,   856.45,   345.76
  344.79,   857.64,   470.76
  344.96,   858.84,   595.75
  99.14,   601.39,   474.87
  102.74,   603.72,   599.79
  106.35,   606.06,   724.72
  99.35,   726.37,   472.52
  102.96,   728.7,   597.45
  106.57,   731.04,   722.38
  99.57,   851.34,   470.18
  103.18,   853.68,   595.11
  106.79,   856.02,   720.03
  224.08,   601.1,   471.26
  227.69,   603.44,   596.19
  231.3,   605.77,   721.12
  224.3,   726.08,   468.92
  227.91,   728.42,   593.85
  231.52,   730.75,   718.77
  224.52,   851.06,   466.58
  228.13,   853.39,   591.5
  231.74,   855.73,   716.43
  349.03,   600.82,   467.66
  352.64,   603.15,   592.59
  356.25,   605.49,   717.51
  349.25,   725.79,   465.32
  352.86,   728.13,   590.24
  356.47,   730.47,   715.17
  349.47,   850.77,   462.97
  353.08,   853.11,   587.9
  356.69,   855.44,   712.82
  100.97,   599.7,   600.06
  104.28,   598.77,   725.01
  107.59,   597.85,   849.96
  99.63,   724.69,   601.02
  102.94,   723.76,   725.97
  106.26,   722.84,   850.92
  98.29,   849.68,   601.98
  101.61,   848.75,   726.93
  104.92,   847.83,   851.88
  225.92,   601.06,   596.76
  229.23,   600.14,   721.71
  232.54,   599.21,   846.66
  224.58,   726.05,   597.71
  227.89,   725.12,   722.67
  231.21,   724.2,   847.62
  223.24,   851.04,   598.67
  226.55,   850.11,   723.63
  229.87,   849.19,   848.58
  350.87,   602.42,   593.45
  354.18,   601.5,   718.41
  357.49,   600.57,   843.36
  349.53,   727.41,   594.41
  352.84,   726.49,   719.37
  356.15,   725.56,   844.32
  348.19,   852.4,   595.37
  351.5,   851.48,   720.32
  354.82,   850.55,   845.28
  225.71,   99.21,   98.42
  227.22,   95.51,   223.36
  228.74,   91.82,   348.29
  222.43,   224.11,   102.16
  223.95,   220.41,   227.09
  225.46,   216.72,   352.03
  219.15,   349.01,   105.89
  220.67,   345.32,   230.83
  222.19,   341.62,   355.77
  350.65,   102.53,   97.0
  352.17,   98.83,   221.94
  353.69,   95.14,   346.87
  347.38,   227.43,   100.74
  348.89,   223.73,   225.68
  350.41,   220.04,   350.61
  344.1,   352.33,   104.48
  345.62,   348.63,   229.41
  347.13,   344.94,   354.35
  475.6,   105.85,   95.58
  477.12,   102.15,   220.52
  478.63,   98.45,   345.46
  472.33,   230.75,   99.32
  473.84,   227.05,   224.26
  475.36,   223.36,   349.19
  469.05,   355.65,   103.06
  470.57,   351.95,   227.99
  472.08,   348.26,   352.93
  224.62,   99.2,   225.97
  222.12,   100.14,   350.94
  219.61,   101.09,   475.91
  228.18,   224.14,   225.09
  225.68,   225.09,   350.06
  223.18,   226.03,   475.04
  231.75,   349.09,   224.22
  229.25,   350.03,   349.19
  226.75,   350.98,   474.16
  349.54,   95.65,   228.49
  347.04,   96.59,   353.47
  344.54,   97.54,   478.44
  353.11,   220.59,   227.62
  350.61,   221.54,   352.59
  348.11,   222.48,   477.56
  356.68,   345.54,   226.75
  354.17,   346.48,   351.72
  351.67,   347.43,   476.69
  474.47,   92.1,   231.02
  471.96,   93.04,   355.99
  469.46,   93.99,   480.96
  478.03,   217.04,   230.15
  475.53,   217.99,   355.12
  473.03,   218.94,   480.09
  481.6,   341.99,   229.27
  479.1,   342.94,   354.24
  476.6,   343.88,   479.22
  225.76,   98.39,   348.26
  225.84,   100.38,   473.24
  225.92,   102.38,   598.22
  226.67,   223.37,   346.26
  226.75,   225.37,   471.24
  226.84,   227.36,   596.23
  227.59,   348.35,   344.26
  227.67,   350.35,   469.25
  227.75,   352.34,   594.23
  350.75,   97.47,   348.19
  350.84,   99.47,   473.17
  350.92,   101.46,   598.16
  351.67,   222.45,   346.19
  351.75,   224.45,   471.18
  351.83,   226.44,   596.16
  352.59,   347.43,   344.2
  352.67,   349.43,   469.18
  352.75,   351.43,   594.16
  475.75,   96.56,   348.12
  475.83,   98.55,   473.11
  475.91,   100.55,   598.09
  476.67,   221.54,   346.13
  476.75,   223.53,   471.11
  476.83,   225.53,   596.09
  477.58,   346.52,   344.13
  477.66,   348.51,   469.11
  477.74,   350.51,   594.1
  223.35,   99.31,   476.44
  222.99,   100.42,   601.43
  222.63,   101.52,   726.43
  226.45,   224.27,   475.34
  226.09,   225.37,   600.34
  225.73,   226.48,   725.33
  229.55,   349.23,   474.25
  229.19,   350.33,   599.24
  228.83,   351.43,   724.24
  348.31,   96.22,   476.83
  347.95,   97.32,   601.82
  347.59,   98.43,   726.81
  351.41,   221.17,   475.73
  351.05,   222.28,   600.72
  350.69,   223.38,   725.72
  354.51,   346.13,   474.64
  354.15,   347.24,   599.63
  353.79,   348.34,   724.62
  473.27,   93.12,   477.21
  472.91,   94.23,   602.21
  472.55,   95.33,   727.2
  476.37,   218.08,   476.12
  476.01,   219.18,   601.11
  475.65,   220.29,   726.11
  479.47,   343.04,   475.02
  479.11,   344.14,   600.02
  478.75,   345.24,   725.01
  223.38,   100.73,   601.43
  223.72,   103.9,   726.39
  224.05,   107.07,   851.35
  221.53,   225.68,   598.27
  221.86,   228.85,   723.23
  222.2,   232.01,   848.19
  219.68,   350.62,   595.11
  220.01,   353.79,   720.07
  220.34,   356.96,   845.03
  348.37,   102.58,   601.05
  348.7,   105.74,   726.01
  349.03,   108.91,   850.97
  346.52,   227.52,   597.89
  346.85,   230.69,   722.85
  347.18,   233.86,   847.81
  344.66,   352.47,   594.73
  344.99,   355.64,   719.69
  345.33,   358.8,   844.65
  473.36,   104.42,   600.67
  473.69,   107.59,   725.63
  474.02,   110.76,   850.59
  471.5,   229.37,   597.51
  471.83,   232.53,   722.47
  472.17,   235.7,   847.43
  469.65,   354.31,   594.35
  469.98,   357.48,   719.31
  470.31,   360.65,   844.27
  226.87,   226.95,   98.77
  224.92,   229.33,   223.73
  222.97,   231.72,   348.69
  226.43,   351.92,   96.38
  224.48,   354.31,   221.34
  222.53,   356.69,   346.3
  225.98,   476.9,   93.98
  224.03,   479.29,   218.95
  222.08,   481.67,   343.91
  351.85,   227.43,   100.71
  349.9,   229.81,   225.67
  347.95,   232.2,   350.63
  351.41,   352.4,   98.32
  349.46,   354.79,   223.28
  347.51,   357.18,   348.24
  350.97,   477.38,   95.93
  349.02,   479.77,   220.89
  347.07,   482.15,   345.85
  476.84,   227.91,   102.65
  474.89,   230.29,   227.61
  472.94,   232.68,   352.58
  476.39,   352.89,   100.26
  474.44,   355.27,   225.22
  472.49,   357.66,   350.18
  475.95,   477.86,   97.87
  474.0,   480.25,   222.83
  472.05,   482.63,   347.79
  226.46,   225.54,   225.69
  226.86,   225.64,   350.69
  227.26,   225.73,   475.69
  224.88,   350.53,   225.61
  225.28,   350.63,   350.61
  225.68,   350.72,   475.6
  223.3,   475.52,   225.52
  223.7,   475.62,   350.52
  224.1,   475.71,   475.52
  351.45,   227.12,   225.29
  351.85,   227.22,   350.29
  352.25,   227.31,   475.29
  349.87,   352.11,   225.2
  350.27,   352.2,   350.2
  350.67,   352.3,   475.2
  348.29,   477.1,   225.11
  348.69,   477.19,   350.11
  349.09,   477.29,   475.11
  476.44,   228.7,   224.89
  476.84,   228.79,   349.89
  477.24,   228.89,   474.89
  474.86,   353.69,   224.8
  475.26,   353.78,   349.8
  475.66,   353.88,   474.8
  473.28,   478.68,   224.71
  473.68,   478.77,   349.71
  474.08,   478.87,   474.71
  223.02,   226.71,   349.71
  226.28,   227.47,   474.66
  229.55,   228.23,   599.62
  225.29,   351.69,   348.89
  228.55,   352.45,   473.84
  231.82,   353.21,   598.8
  227.56,   476.67,   348.07
  230.83,   477.42,   473.03
  234.09,   478.18,   597.98
  347.96,   224.42,   346.46
  351.22,   225.18,   471.42
  354.48,   225.94,   596.37
  350.23,   349.4,   345.64
  353.49,   350.16,   470.6
  356.75,   350.91,   595.55
  352.5,   474.37,   344.82
  355.76,   475.13,   469.78
  359.02,   475.89,   594.73
  472.9,   222.13,   343.21
  476.16,   222.89,   468.17
  479.42,   223.65,   593.12
  475.17,   347.11,   342.4
  478.43,   347.86,   467.35
  481.69,   348.62,   592.31
  477.44,   472.08,   341.58
  480.7,   472.84,   466.53
  483.96,   473.6,   591.49
  223.3,   223.04,   473.21
  226.39,   221.08,   598.15
  229.48,   219.12,   723.1
  223.53,   348.03,   475.16
  226.62,   346.07,   600.11
  229.71,   344.1,   725.06
  223.77,   473.01,   477.12
  226.86,   471.05,   602.06
  229.95,   469.09,   727.01
  348.26,   222.86,   470.11
  351.35,   220.89,   595.06
  354.44,   218.93,   720.01
  348.49,   347.84,   472.07
  351.58,   345.88,   597.02
  354.68,   343.92,   721.96
  348.73,   472.82,   474.02
  351.82,   470.86,   598.97
  354.91,   468.9,   723.92
  473.22,   222.67,   467.02
  476.31,   220.71,   591.97
  479.4,   218.75,   716.91
  473.46,   347.65,   468.97
  476.55,   345.69,   593.92
  479.64,   343.73,   718.87
  473.69,   472.64,   470.93
  476.78,   470.68,   595.88
  479.87,   468.72,   720.82
  226.18,   224.1,   600.83
  222.88,   225.45,   725.78
  219.59,   226.8,   850.73
  224.3,   349.08,   599.43
  221.0,   350.43,   724.38
  217.71,   351.78,   849.33
  222.42,   474.06,   598.03
  219.12,   475.41,   722.98
  215.83,   476.76,   847.93
  351.12,   226.02,   604.11
  347.83,   227.37,   729.05
  344.53,   228.72,   854.0
  349.24,   351.0,   602.71
  345.94,   352.35,   727.66
  342.65,   353.7,   852.6
  347.36,   475.98,   601.31
  344.06,   477.33,   726.26
  340.77,   478.68,   851.2
  476.06,   227.94,   607.38
  472.77,   229.29,   732.33
  469.47,   230.64,   857.28
  474.18,   352.91,   605.98
  470.89,   354.26,   730.93
  467.59,   355.61,   855.88
  472.3,   477.89,   604.58
  469.01,   479.24,   729.53
  465.71,   480.59,   854.48
  224.25,   348.14,   99.04
  222.71,   349.6,   224.02
  221.16,   351.06,   349.0
  222.52,   473.12,   97.55
  220.98,   474.58,   222.54
  219.43,   476.04,   347.52
  220.8,   598.1,   96.07
  219.25,   599.56,   221.05
  217.7,   601.02,   346.03
  349.23,   349.88,   100.56
  347.68,   351.35,   225.54
  346.14,   352.81,   350.53
  347.5,   474.86,   99.08
  345.96,   476.33,   224.06
  344.41,   477.79,   349.04
  345.77,   599.84,   97.6
  344.23,   601.3,   222.58
  342.68,   602.77,   347.56
  474.21,   351.63,   102.09
  472.66,   353.09,   227.07
  471.12,   354.55,   352.05
  472.48,   476.61,   100.61
  470.93,   478.07,   225.59
  469.39,   479.53,   350.57
  470.75,   601.59,   99.12
  469.21,   603.05,   224.1
  467.66,   604.51,   349.09
  224.02,   349.47,   224.52
  224.7,   347.7,   349.51
  225.39,   345.92,   474.49
  226.97,   474.43,   226.28
  227.65,   472.65,   351.27
  228.34,   470.87,   476.25
  229.91,   599.38,   228.04
  230.6,   597.6,   353.03
  231.28,   595.83,   478.01
  348.98,   346.54,   223.8
  349.67,   344.76,   348.78
  350.35,   342.98,   473.77
  351.93,   471.49,   225.55
  352.61,   469.71,   350.54
  353.3,   467.94,   475.53
  354.88,   596.44,   227.31
  355.56,   594.67,   352.3
  356.25,   592.89,   477.28
  473.95,   343.6,   223.07
  474.63,   341.82,   348.05
  475.32,   340.05,   473.04
  476.89,   468.55,   224.83
  477.58,   466.78,   349.81
  478.26,   465.0,   474.8
  479.84,   593.5,   226.59
  480.52,   591.73,   351.57
  481.21,   589.95,   476.56
  226.78,   349.16,   349.05
  227.96,   348.6,   474.05
  229.14,   348.03,   599.04
  227.24,   474.16,   349.61
  228.42,   473.59,   474.6
  229.59,   473.03,   599.6
  227.7,   599.16,   350.17
  228.87,   598.59,   475.16
  230.05,   598.03,   600.16
  351.77,   348.71,   347.87
  352.95,   348.14,   472.86
  354.13,   347.58,   597.86
  352.23,   473.7,   348.43
  353.41,   473.14,   473.42
  354.59,   472.58,   598.42
  352.69,   598.7,   348.99
  353.87,   598.14,   473.98
  355.05,   597.58,   598.98
  476.77,   348.25,   346.69
  477.95,   347.69,   471.68
  479.12,   347.13,   596.68
  477.23,   473.25,   347.25
  478.4,   472.69,   472.24
  479.58,   472.12,   597.24
  477.68,   598.25,   347.81
  478.86,   597.69,   472.8
  480.04,   597.12,   597.8
  226.11,   351.94,   475.27
  224.98,   353.89,   600.25
  223.86,   355.84,   725.23
  229.17,   476.88,   473.34
  228.05,   478.83,   598.32
  226.93,   480.79,   723.3
  232.23,   601.83,   471.42
  231.11,   603.78,   596.4
  229.99,   605.73,   721.38
  351.06,   348.89,   476.44
  349.94,   350.84,   601.42
  348.82,   352.79,   726.4
  354.13,   473.84,   474.51
  353.0,   475.79,   599.49
  351.88,   477.74,   724.47
  357.19,   598.79,   472.59
  356.07,   600.74,   597.57
  354.95,   602.69,   722.55
  476.02,   345.85,   477.61
  474.9,   347.8,   602.59
  473.78,   349.75,   727.57
  479.08,   470.79,   475.68
  477.96,   472.75,   600.66
  476.84,   474.7,   725.64
  482.15,   595.74,   473.76
  481.03,   597.69,   598.74
  479.9,   599.64,   723.72
  226.2,   348.96,   599.93
  229.03,   346.98,   724.88
  231.86,   345.0,   849.83
  224.35,   473.93,   601.95
  227.18,   471.95,   726.91
  230.01,   469.97,   851.86
  222.49,   598.9,   603.98
  225.32,   596.92,   728.93
  228.15,   594.94,   853.88
  351.16,   350.86,   597.13
  353.98,   348.88,   722.08
  356.81,   346.9,   847.04
  349.3,   475.83,   599.15
  352.13,   473.85,   724.11
  354.96,   471.87,   849.06
  347.45,   600.8,   601.18
  350.28,   598.82,   726.13
  353.1,   596.84,   851.08
  476.11,   352.76,   594.33
  478.94,   350.78,   719.28
  481.77,   348.8,   844.24
  474.25,   477.73,   596.35
  477.08,   475.75,   721.31
  479.91,   473.77,   846.26
  472.4,   602.7,   598.38
  475.23,   600.72,   723.33
  478.06,   598.74,   848.28
  226.02,   474.86,   99.91
  224.12,   472.31,   224.87
  222.23,   469.75,   349.83
  223.1,   599.8,   102.42
  221.21,   597.25,   227.38
  219.31,   594.69,   352.34
  220.18,   724.74,   104.93
  218.29,   722.19,   229.89
  216.39,   719.63,   354.85
  350.97,   477.74,   101.87
  349.08,   475.18,   226.82
  347.18,   472.63,   351.78
  348.05,   602.68,   104.38
  346.16,   600.12,   229.34
  344.26,   597.57,   354.29
  345.13,   727.62,   106.89
  343.24,   725.07,   231.85
  341.34,   722.51,   356.8
  475.92,   480.62,   103.82
  474.03,   478.06,   228.78
  472.13,   475.51,   353.74
  473.0,   605.56,   106.33
  471.11,   603.0,   231.29
  469.21,   600.45,   356.25
  470.09,   730.5,   108.84
  468.19,   727.94,   233.8
  466.3,   725.39,   358.76
  224.68,   473.94,   226.38
  225.46,   476.48,   351.35
  226.24,   479.01,   476.32
  223.18,   598.91,   223.85
  223.96,   601.44,   348.83
  224.74,   603.98,   473.8
  221.68,   723.87,   221.33
  222.46,   726.41,   346.3
  223.24,   728.94,   471.27
  349.67,   475.42,   225.57
  350.45,   477.96,   350.54
  351.23,   480.49,   475.51
  348.17,   600.39,   223.04
  348.95,   602.93,   348.02
  349.73,   605.46,   472.99
  346.67,   725.36,   220.52
  347.45,   727.89,   345.49
  348.23,   730.43,   470.46
  474.66,   476.91,   224.76
  475.44,   479.44,   349.73
  476.22,   481.98,   474.7
  473.16,   601.87,   222.23
  473.94,   604.41,   347.2
  474.72,   606.94,   472.18
  471.66,   726.84,   219.71
  472.44,   729.37,   344.68
  473.22,   731.91,   469.65
  223.04,   475.29,   350.09
  225.72,   477.13,   475.05
  228.41,   478.97,   600.01
  220.25,   600.24,   348.31
  222.93,   602.08,   473.27
  225.62,   603.92,   598.23
  217.46,   725.2,   346.53
  220.15,   727.04,   471.49
  222.83,   728.88,   596.45
  347.98,   478.04,   347.37
  350.66,   479.88,   472.33
  353.35,   481.72,   597.29
  345.19,   603.0,   345.59
  347.88,   604.84,   470.55
  350.56,   606.67,   595.51
  342.4,   727.95,   343.81
  345.09,   729.79,   468.77
  347.77,   731.63,   593.73
  472.92,   480.79,   344.65
  475.6,   482.63,   469.6
  478.29,   484.47,   594.56
  470.13,   605.75,   342.87
  472.82,   607.59,   467.82
  475.5,   609.43,   592.78
  467.34,   730.7,   341.09
  470.03,   732.54,   466.04
  472.71,   734.38,   591.0
  224.31,   473.67,   473.2
  225.47,   469.99,   598.14
  226.63,   466.3,   723.08
  222.5,   598.6,   476.9
  223.66,   594.92,   601.84
  224.82,   591.23,   726.78
  220.69,   723.53,   480.6
  221.85,   719.85,   605.54
  223.01,   716.17,   730.48
  349.29,   475.51,   472.1
  350.45,   471.83,   597.04
  351.61,   468.15,   721.98
  347.48,   600.45,   475.79
  348.64,   596.76,   600.74
  349.8,   593.08,   725.68
  345.67,   725.38,   479.49
  346.83,   721.69,   604.43
  347.99,   718.01,   729.37
  474.28,   477.36,   470.99
  475.43,   473.68,   595.93
  476.59,   469.99,   720.87
  472.46,   602.29,   474.69
  473.62,   598.61,   599.63
  474.78,   594.92,   724.57
  470.65,   727.22,   478.39
  471.81,   723.54,   603.33
  472.97,   719.86,   728.27
  226.88,   475.46,   600.53
  226.92,   474.64,   725.53
  226.97,   473.81,   850.53
  223.13,   600.4,   601.36
  223.18,   599.58,   726.36
  223.23,   598.75,   851.35
  219.39,   725.34,   602.18
  219.44,   724.52,   727.18
  219.49,   723.7,   852.18
  351.82,   479.2,   600.51
  351.87,   478.38,   725.51
  351.92,   477.55,   850.51
  348.08,   604.14,   601.34
  348.13,   603.32,   726.33
  348.17,   602.5,   851.33
  344.34,   729.08,   602.16
  344.39,   728.26,   727.16
  344.43,   727.44,   852.15
  476.76,   482.94,   600.49
  476.81,   482.12,   725.49
  476.86,   481.3,   850.48
  473.02,   607.88,   601.31
  473.07,   607.06,   726.31
  473.12,   606.24,   851.31
  469.28,   732.82,   602.14
  469.33,   732.0,   727.13
  469.38,   731.18,   852.13
  223.46,   601.99,   100.85
  227.0,   600.05,   225.78
  230.54,   598.1,   350.72
  221.26,   726.96,   102.86
  224.8,   725.01,   227.79
  228.34,   723.06,   352.73
  219.06,   851.92,   104.87
  222.6,   849.98,   229.81
  226.14,   848.03,   354.74
  348.39,   604.25,   97.35
  351.93,   602.3,   222.28
  355.47,   600.36,   347.21
  346.19,   729.21,   99.36
  349.73,   727.27,   224.29
  353.27,   725.32,   349.22
  343.99,   854.18,   101.37
  347.53,   852.23,   226.3
  351.07,   850.28,   351.23
  473.32,   606.51,   93.84
  476.86,   604.56,   218.77
  480.4,   602.61,   343.71
  471.12,   731.47,   95.85
  474.66,   729.52,   220.79
  478.2,   727.58,   345.72
  468.92,   856.43,   97.86
  472.46,   854.49,   222.8
  476.0,   852.54,   347.73
  223.01,   600.55,   225.17
  221.55,   602.78,   350.14
  220.09,   605.02,   475.11
  221.74,   725.52,   222.92
  220.28,   727.75,   347.89
  218.82,   729.99,   472.86
  220.47,   850.49,   220.67
  219.01,   852.73,   345.64
  217.55,   854.96,   470.61
  347.99,   601.84,   226.6
  346.53,   604.08,   351.57
  345.08,   606.31,   476.55
  346.72,   726.81,   224.35
  345.26,   729.05,   349.33
  343.81,   731.29,   474.3
  345.45,   851.79,   222.1
  344.0,   854.02,   347.08
  342.54,   856.26,   472.05
  472.98,   603.14,   228.04
  471.52,   605.37,   353.01
  470.06,   607.61,   477.98
  471.71,   728.11,   225.79
  470.25,   730.35,   350.76
  468.79,   732.58,   475.73
  470.44,   853.08,   223.54
  468.98,   855.32,   348.51
  467.52,   857.55,   473.48
  224.32,   600.92,   350.79
  223.82,   600.94,   475.79
  223.32,   600.96,   600.79
  224.53,   725.92,   350.77
  224.03,   725.94,   475.77
  223.53,   725.96,   600.77
  224.73,   850.92,   350.75
  224.23,   850.94,   475.75
  223.73,   850.96,   600.75
  349.32,   600.71,   351.29
  348.82,   600.74,   476.29
  348.32,   600.76,   601.29
  349.52,   725.71,   351.27
  349.02,   725.74,   476.27
  348.53,   725.76,   601.27
  349.73,   850.71,   351.25
  349.23,   850.73,   476.25
  348.73,   850.76,   601.25
  474.32,   600.51,   351.79
  473.82,   600.53,   476.79
  473.32,   600.55,   601.79
  474.52,   725.51,   351.77
  474.02,   725.53,   476.77
  473.52,   725.55,   601.77
  474.73,   850.51,   351.75
  474.23,   850.53,   476.75
  473.73,   850.55,   601.75
  226.08,   598.05,   475.85
  227.55,   600.54,   600.82
  229.02,   603.03,   725.78
  227.82,   723.02,   473.34
  229.29,   725.5,   598.31
  230.76,   727.99,   723.28
  229.55,   847.98,   470.83
  231.02,   850.47,   595.8
  232.49,   852.96,   720.77
  351.06,   596.29,   474.42
  352.53,   598.78,   599.38
  354.0,   601.27,   724.35
  352.79,   721.25,   471.91
  354.26,   723.74,   596.87
  355.74,   726.23,   721.84
  354.53,   846.22,   469.4
  356.0,   848.7,   594.36
  357.47,   851.19,   719.33
  476.04,   594.53,   472.98
  477.51,   597.02,   597.95
  478.98,   599.5,   722.91
  477.77,   719.49,   470.47
  479.24,   721.98,   595.44
  480.71,   724.47,   720.4
  479.51,   844.45,   467.96
  480.98,   846.94,   592.93
  482.45,   849.43,   717.9
  224.84,   600.69,   598.52
  224.88,   602.19,   723.51
  224.91,   603.7,   848.5
  228.53,   725.62,   597.01
  228.56,   727.13,   722.01
  228.6,   728.63,   847.0
  232.22,   850.56,   595.51
  232.25,   852.06,   720.5
  232.29,   853.57,   845.49
  349.79,   597.0,   598.53
  349.82,   598.5,   723.52
  349.86,   600.01,   848.51
  353.48,   721.93,   597.02
  353.51,   723.44,   722.02
  353.54,   724.94,   847.01
  357.16,   846.87,   595.52
  357.2,   848.38,   720.51
  357.23,   849.88,   845.5
  474.73,   593.31,   598.54
  474.77,   594.81,   723.53
  474.8,   596.32,   848.52
  478.42,   718.24,   597.03
  478.46,   719.75,   722.02
  478.49,   721.25,   847.02
  482.11,   843.18,   595.53
  482.14,   844.69,   720.52
  482.18,   846.19,   845.51
  348.35,   98.28,   99.2
  347.31,   101.95,   224.14
  346.27,   105.62,   349.08
  351.17,   223.19,   95.55
  350.13,   226.86,   220.5
  349.09,   230.53,   345.44
  353.99,   348.11,   91.91
  352.95,   351.78,   216.85
  351.91,   355.45,   341.79
  473.31,   95.49,   100.32
  472.27,   99.16,   225.26
  471.23,   102.83,   350.2
  476.14,   220.41,   96.68
  475.1,   224.08,   221.62
  474.05,   227.74,   346.56
  478.96,   345.32,   93.03
  477.92,   348.99,   217.97
  476.88,   352.66,   342.91
  598.28,   92.7,   101.44
  597.24,   96.37,   226.39
  596.2,   100.04,   351.33
  601.1,   217.62,   97.8
  600.06,   221.29,   222.74
  599.02,   224.96,   347.68
  603.92,   342.53,   94.15
  602.88,   346.2,   219.09
  601.84,   349.87,   344.04
  348.1,   98.22,   224.34
  351.17,   96.0,   349.29
  354.23,   93.78,   474.23
  351.26,   223.16,   226.49
  354.33,   220.94,   351.43
  357.39,   218.72,   476.37
  354.42,   348.1,   228.63
  357.48,   345.88,   353.57
  360.55,   343.66,   478.51
  473.03,   95.11,   221.23
  476.09,   92.89,   346.17
  479.15,   90.68,   471.11
  476.19,   220.06,   223.37
  479.25,   217.84,   348.31
  482.31,   215.62,   473.25
  479.34,   345.0,   225.51
  482.41,   342.78,   350.45
  485.47,   340.56,   475.39
  597.95,   92.01,   218.11
  601.01,   89.79,   343.05
  604.08,   87.57,   467.99
  601.11,   216.95,   220.25
  604.17,   214.73,   345.19
  607.23,   212.51,   470.13
  604.27,   341.89,   222.39
  607.33,   339.67,   347.33
  610.39,   337.45,   472.28
  349.36,   101.33,   350.98
  349.79,   102.36,   475.98
  350.23,   103.39,   600.97
  352.82,   226.28,   349.94
  353.26,   227.31,   474.93
  353.69,   228.34,   599.93
  356.29,   351.22,   348.89
  356.72,   352.26,   473.89
  357.16,   353.29,   598.88
  474.31,   97.86,   350.57
  474.75,   98.89,   475.57
  475.18,   99.93,   600.56
  477.78,   222.81,   349.53
  478.21,   223.84,   474.53
  478.64,   224.87,   599.52
  481.24,   347.75,   348.49
  481.67,   348.79,   473.48
  482.11,   349.82,   598.48
  599.26,   94.39,   350.17
  599.7,   95.42,   475.16
  600.13,   96.46,   600.16
  602.73,   219.34,   349.12
  603.16,   220.37,   474.12
  603.6,   221.4,   599.11
  606.19,   344.29,   348.08
  606.63,   345.32,   473.07
  607.06,   346.35,   598.07
  351.72,   98.5,   473.77
  350.91,   99.77,   598.76
  350.09,   101.03,   723.75
  351.26,   223.49,   472.5
  350.45,   224.76,   597.49
  349.63,   226.02,   722.49
  350.8,   348.49,   471.24
  349.99,   349.75,   596.23
  349.17,   351.02,   721.22
  476.71,   98.97,   474.58
  475.9,   100.23,   599.57
  475.09,   101.5,   724.56
  476.25,   223.96,   473.31
  475.44,   225.23,   598.3
  474.63,   226.49,   723.29
  475.8,   348.96,   472.04
  474.98,   350.22,   597.03
  474.17,   351.48,   722.03
  601.71,   99.44,   475.39
  600.9,   100.7,   600.38
  600.09,   101.97,   725.37
  601.25,   224.43,   474.12
  600.44,   225.7,   599.11
  599.63,   226.96,   724.1
  600.79,   349.42,   472.85
  599.98,   350.69,   597.84
  599.17,   351.95,   722.83
  348.96,   100.86,   598.71
  351.24,   101.91,   723.68
  353.53,   102.97,   848.66
  352.52,   225.8,   597.59
  354.81,   226.85,   722.56
  357.1,   227.91,   847.54
  356.09,   350.74,   596.47
  358.38,   351.8,   721.44
  360.67,   352.85,   846.42
  473.88,   97.27,   596.45
  476.17,   98.32,   721.43
  478.46,   99.38,   846.4
  477.45,   222.21,   595.33
  479.74,   223.27,   720.31
  482.03,   224.32,   845.28
  481.02,   347.16,   594.21
  483.31,   348.21,   719.19
  485.6,   349.27,   844.16
  598.81,   93.68,   594.2
  601.1,   94.74,   719.17
  603.39,   95.79,   844.15
  602.38,   218.63,   593.08
  604.67,   219.68,   718.05
  606.96,   220.74,   843.03
  605.95,   343.57,   591.96
  608.24,   344.62,   716.93
  610.52,   345.68,   841.91
  348.09,   225.72,   98.22
  348.91,   227.84,   223.2
  349.73,   229.95,   348.18
  346.47,   350.7,   96.12
  347.29,   352.81,   221.09
  348.11,   354.93,   346.07
  344.85,   475.67,   94.01
  345.67,   477.78,   218.99
  346.49,   479.9,   343.97
  473.08,   227.33,   97.38
  473.9,   229.45,   222.35
  474.72,   231.56,   347.33
  471.46,   352.3,   95.27
  472.28,   354.42,   220.25
  473.1,   356.53,   345.23
  469.84,   477.27,   93.17
  470.66,   479.39,   218.15
  471.47,   481.5,   343.12
  598.07,   228.94,   96.53
  598.89,   231.05,   221.51
  599.7,   233.17,   346.49
  596.45,   353.91,   94.43
  597.26,   356.02,   219.41
  598.08,   358.14,   344.38
  594.83,   478.88,   92.32
  595.64,   481.0,   217.3
  596.46,   483.11,   342.28
  348.95,   223.49,   224.45
  347.81,   222.86,   349.44
  346.67,   222.24,   474.44
  349.29,   348.48,   225.08
  348.15,   347.86,   350.07
  347.01,   347.24,   475.07
  349.63,   473.48,   225.71
  348.49,   472.86,   350.7
  347.35,   472.23,   475.69
  473.94,   223.14,   225.59
  472.8,   222.52,   350.58
  471.67,   221.89,   475.58
  474.28,   348.14,   226.22
  473.14,   347.52,   351.21
  472.0,   346.89,   476.2
  474.62,   473.14,   226.84
  473.48,   472.51,   351.84
  472.34,   471.89,   476.83
  598.94,   222.8,   226.73
  597.8,   222.17,   351.72
  596.66,   221.55,   476.71
  599.28,   347.79,   227.35
  598.14,   347.17,   352.35
  597.0,   346.55,   477.34
  599.62,   472.79,   227.98
  598.48,   472.17,   352.98
  597.34,   471.54,   477.97
  350.48,   223.83,   351.94
  349.37,   221.04,   476.91
  348.26,   218.24,   601.87
  352.11,   348.79,   354.75
  350.99,   346.0,   479.72
  349.88,   343.2,   604.68
  353.73,   473.75,   357.56
  352.62,   470.95,   482.52
  351.51,   468.16,   607.49
  475.47,   222.19,   353.02
  474.36,   219.39,   477.98
  473.24,   216.6,   602.94
  477.09,   347.14,   355.83
  475.98,   344.35,   480.79
  474.87,   341.55,   605.75
  478.71,   472.1,   358.64
  477.6,   469.31,   483.6
  476.49,   466.51,   608.56
  600.45,   220.54,   354.09
  599.34,   217.74,   479.06
  598.23,   214.95,   604.02
  602.07,   345.5,   356.9
  600.96,   342.7,   481.86
  599.85,   339.91,   606.83
  603.7,   470.45,   359.71
  602.59,   467.66,   484.67
  601.47,   464.86,   609.64
  350.52,   223.58,   476.4
  348.58,   226.11,   601.36
  346.63,   228.64,   726.32
  350.45,   348.55,   473.87
  348.51,   351.09,   598.83
  346.56,   353.62,   723.79
  350.38,   473.53,   471.34
  348.43,   476.06,   596.3
  346.49,   478.59,   721.26
  475.5,   223.69,   478.35
  473.56,   226.22,   603.3
  471.62,   228.75,   728.26
  475.43,   348.66,   475.81
  473.49,   351.2,   600.77
  471.55,   353.73,   725.73
  475.36,   473.64,   473.28
  473.42,   476.17,   598.24
  471.48,   478.7,   723.2
  600.49,   223.8,   480.29
  598.55,   226.33,   605.25
  596.6,   228.86,   730.21
  600.42,   348.77,   477.76
  598.47,   351.3,   602.72
  596.53,   353.84,   727.67
  600.35,   473.75,   475.22
  598.4,   476.28,   600.18
  596.46,   478.81,   725.14
  350.54,   224.99,   598.51
  350.72,   225.85,   723.5
  350.9,   226.7,   848.5
  350.99,   349.98,   597.65
  351.17,   350.84,   722.64
  351.35,   351.7,   847.64
  351.44,   474.98,   596.79
  351.62,   475.84,   721.79
  351.8,   476.7,   846.78
  475.54,   224.53,   598.33
  475.72,   225.39,   723.33
  475.9,   226.25,   848.32
  475.99,   349.53,   597.47
  476.17,   350.39,   722.47
  476.35,   351.25,   847.46
  476.44,   474.53,   596.61
  476.62,   475.38,   721.61
  476.8,   476.24,   846.6
  600.54,   224.08,   598.15
  600.72,   224.94,   723.15
  600.9,   225.8,   848.15
  600.99,   349.08,   597.29
  601.17,   349.94,   722.29
  601.35,   350.8,   847.29
  601.44,   474.07,   596.43
  601.62,   474.93,   721.43
  601.8,   475.79,   846.43
  348.73,   351.27,   101.75
  348.86,   349.18,   226.73
  348.99,   347.08,   351.71
  349.05,   476.25,   103.84
  349.18,   474.16,   228.82
  349.31,   472.06,   353.8
  349.37,   601.23,   105.93
  349.5,   599.14,   230.91
  349.63,   597.05,   355.9
  473.73,   350.95,   101.61
  473.86,   348.86,   226.59
  473.99,   346.76,   351.58
  474.05,   475.93,   103.7
  474.18,   473.84,   228.69
  474.31,   471.75,   353.67
  474.37,   600.92,   105.8
  474.5,   598.82,   230.78
  474.63,   596.73,   355.76
  598.73,   350.63,   101.48
  598.86,   348.54,   226.46
  598.99,   346.45,   351.44
  599.05,   475.62,   103.57
  599.18,   473.52,   228.55
  599.31,   471.43,   353.53
  599.37,   600.6,   105.66
  599.5,   598.5,   230.64
  599.63,   596.41,   355.63
  350.91,   351.25,   224.31
  354.25,   354.94,   349.21
  357.59,   358.62,   474.11
  353.6,   476.16,   220.55
  356.94,   479.85,   345.45
  360.28,   483.54,   470.35
  356.28,   601.08,   216.79
  359.63,   604.77,   341.69
  362.97,   608.45,   466.59
  475.83,   348.46,   221.05
  479.18,   352.15,   345.95
  482.52,   355.84,   470.85
  478.52,   473.38,   217.29
  481.86,   477.07,   342.19
  485.21,   480.75,   467.09
  481.21,   598.29,   213.53
  484.55,   601.98,   338.43
  487.89,   605.67,   463.33
  600.76,   345.68,   217.79
  604.1,   349.36,   342.69
  607.44,   353.05,   467.59
  603.45,   470.59,   214.03
  606.79,   474.28,   338.93
  610.13,   477.97,   463.83
  606.14,   595.51,   210.27
  609.48,   599.19,   335.17
  612.82,   602.88,   460.07
  350.56,   349.43,   348.48
  350.53,   349.81,   473.48
  350.5,   350.19,   598.48
  353.11,   474.4,   348.1
  353.08,   474.78,   473.1
  353.04,   475.16,   598.1
  355.66,   599.38,   347.72
  355.62,   599.76,   472.72
  355.59,   600.14,   597.72
  475.54,   346.89,   348.52
  475.51,   347.26,   473.52
  475.47,   347.64,   598.52
  478.08,   471.86,   348.14
  478.05,   472.24,   473.14
  478.02,   472.62,   598.14
  480.63,   596.83,   347.76
  480.6,   597.21,   472.76
  480.56,   597.59,   597.76
  600.51,   344.34,   348.56
  600.48,   344.72,   473.56
  600.45,   345.1,   598.56
  603.06,   469.31,   348.18
  603.03,   469.69,   473.18
  602.99,   470.07,   598.18
  605.6,   594.29,   347.8
  605.57,   594.67,   472.8
  605.54,   595.04,   597.8
  348.63,   349.45,   475.62
  345.83,   347.23,   600.57
  343.04,   345.01,   725.51
  350.9,   474.41,   477.89
  348.11,   472.19,   602.83
  345.32,   469.97,   727.78
  353.18,   599.37,   480.15
  350.39,   597.15,   605.1
  347.59,   594.93,   730.05
  473.57,   347.12,   478.37
  470.78,   344.91,   603.32
  467.99,   342.69,   728.27
  475.85,   472.08,   480.64
  473.06,   469.86,   605.59
  470.26,   467.65,   730.54
  478.13,   597.04,   482.91
  475.33,   594.82,   607.86
  472.54,   592.6,   732.81
  598.52,   344.8,   481.12
  595.73,   342.58,   606.07
  592.93,   340.36,   731.02
  600.8,   469.75,   483.39
  598.01,   467.54,   608.34
  595.21,   465.32,   733.29
  603.08,   594.71,   485.66
  600.28,   592.5,   610.61
  597.49,   590.28,   735.56
  349.89,   349.5,   598.48
  346.73,   346.4,   723.4
  343.57,   343.29,   848.32
  350.3,   474.46,   601.6
  347.14,   471.36,   726.52
  343.98,   468.25,   851.44
  350.7,   599.42,   604.72
  347.54,   596.32,   729.64
  344.38,   593.21,   854.56
  474.85,   349.02,   601.63
  471.69,   345.91,   726.55
  468.53,   342.8,   851.47
  475.26,   473.98,   604.75
  472.1,   470.87,   729.67
  468.93,   467.76,   854.59
  475.66,   598.94,   607.87
  472.5,   595.83,   732.79
  469.34,   592.72,   857.71
  599.81,   348.54,   604.78
  596.65,   345.43,   729.7
  593.49,   342.32,   854.62
  600.21,   473.5,   607.9
  597.05,   470.39,   732.82
  593.89,   467.28,   857.74
  600.62,   598.46,   611.02
  597.46,   595.35,   735.94
  594.3,   592.24,   860.86
  350.77,   473.54,   98.43
  349.51,   476.73,   223.39
  348.26,   479.93,   348.34
  348.13,   598.47,   95.21
  346.88,   601.66,   220.16
  345.62,   604.86,   345.12
  345.5,   723.4,   91.99
  344.25,   726.59,   216.94
  342.99,   729.79,   341.89
  475.73,   476.2,   99.62
  474.48,   479.4,   224.57
  473.22,   482.6,   349.53
  473.1,   601.13,   96.4
  471.84,   604.33,   221.35
  470.59,   607.53,   346.3
  470.47,   726.06,   93.18
  469.21,   729.26,   218.13
  467.96,   732.46,   343.08
  600.7,   478.87,   100.81
  599.44,   482.06,   225.76
  598.19,   485.26,   350.71
  598.07,   603.8,   97.59
  596.81,   606.99,   222.54
  595.56,   610.19,   347.49
  595.43,   728.73,   94.36
  594.18,   731.92,   219.31
  592.92,   735.12,   344.27
  348.87,   473.93,   226.45
  351.32,   476.12,   351.41
  353.76,   478.32,   476.36
  352.18,   598.86,   224.19
  354.63,   601.06,   349.15
  357.07,   603.26,   474.1
  355.5,   723.8,   221.93
  357.94,   726.0,   346.89
  360.38,   728.19,   471.84
  473.8,   470.57,   224.07
  476.25,   472.77,   349.02
  478.69,   474.97,   473.98
  477.12,   595.51,   221.81
  479.56,   597.71,   346.76
  482.0,   599.9,   471.72
  480.43,   720.44,   219.54
  482.87,   722.64,   344.5
  485.32,   724.84,   469.46
  598.74,   467.22,   221.68
  601.18,   469.41,   346.64
  603.62,   471.61,   471.6
  602.05,   592.15,   219.42
  604.49,   594.35,   344.38
  606.94,   596.55,   469.34
  605.36,   717.09,   217.16
  607.8,   719.29,   342.12
  610.25,   721.48,   467.07
  351.66,   474.71,   350.26
  349.33,   474.12,   475.24
  346.99,   473.53,   600.21
  348.97,   599.68,   350.8
  346.64,   599.09,   475.77
  344.3,   598.5,   600.75
  346.28,   724.65,   351.34
  343.95,   724.06,   476.31
  341.61,   723.47,   601.29
  476.61,   477.39,   352.61
  474.28,   476.8,   477.58
  471.94,   476.21,   602.56
  473.92,   602.36,   353.14
  471.58,   601.77,   478.12
  469.25,   601.18,   603.1
  471.23,   727.33,   353.68
  468.89,   726.74,   478.66
  466.56,   726.15,   603.64
  601.56,   480.07,   354.95
  599.22,   479.48,   479.93
  596.89,   478.89,   604.91
  598.87,   605.04,   355.49
  596.53,   604.45,   480.47
  594.2,   603.86,   605.44
  596.18,   730.01,   356.03
  593.84,   729.42,   481.01
  591.51,   728.83,   605.98
  350.7,   474.57,   475.07
  354.31,   477.51,   599.99
  357.92,   480.44,   724.9
  349.25,   599.53,   472.18
  352.87,   602.46,   597.09
  356.48,   605.4,   722.0
  347.81,   724.49,   469.28
  351.42,   727.42,   594.19
  355.03,   730.36,   719.11
  475.64,   475.93,   471.43
  479.25,   478.87,   596.34
  482.86,   481.8,   721.26
  474.19,   600.89,   468.53
  477.8,   603.82,   593.45
  481.42,   606.76,   718.36
  472.75,   725.85,   465.64
  476.36,   728.78,   590.55
  479.97,   731.72,   715.46
  600.58,   477.29,   467.79
  604.19,   480.23,   592.7
  607.8,   483.16,   717.61
  599.13,   602.25,   464.89
  602.74,   605.18,   589.8
  606.36,   608.12,   714.72
  597.69,   727.2,   461.99
  601.3,   730.14,   586.91
  604.91,   733.08,   711.82
  349.55,   475.61,   598.97
  350.0,   475.25,   723.97
  350.44,   474.89,   848.97
  350.91,   600.6,   599.32
  351.35,   600.24,   724.32
  351.8,   599.89,   849.32
  352.27,   725.59,   599.68
  352.71,   725.24,   724.67
  353.16,   724.88,   849.67
  474.54,   474.25,   598.52
  474.99,   473.89,   723.52
  475.43,   473.54,   848.52
  475.9,   599.24,   598.87
  476.35,   598.89,   723.87
  476.79,   598.53,   848.87
  477.26,   724.24,   599.23
  477.7,   723.88,   724.22
  478.15,   723.52,   849.22
  599.53,   472.89,   598.07
  599.98,   472.54,   723.07
  600.43,   472.18,   848.07
  600.89,   597.89,   598.42
  601.34,   597.53,   723.42
  601.78,   597.17,   848.42
  602.25,   722.88,   598.77
  602.7,   722.52,   723.77
  603.14,   722.16,   848.77
  349.33,   601.9,   100.31
  346.13,   600.68,   225.27
  342.92,   599.45,   350.22
  351.75,   726.87,   101.6
  348.55,   725.65,   226.56
  345.35,   724.42,   351.51
  354.18,   851.84,   102.89
  350.97,   850.62,   227.84
  347.77,   849.39,   352.8
  474.27,   599.45,   103.49
  471.06,   598.22,   228.45
  467.86,   596.99,   353.4
  476.69,   724.42,   104.78
  473.49,   723.19,   229.74
  470.28,   721.96,   354.69
  479.11,   849.39,   106.07
  475.91,   848.16,   231.02
  472.71,   846.93,   355.98
  599.2,   596.99,   106.67
  596.0,   595.76,   231.63
  592.79,   594.54,   356.58
  601.63,   721.96,   107.96
  598.42,   720.73,   232.91
  595.22,   719.51,   357.87
  604.05,   846.93,   109.25
  600.84,   845.7,   234.2
  597.64,   844.48,   359.16
  351.51,   601.57,   226.51
  348.65,   597.87,   351.42
  345.79,   594.18,   476.33
  349.01,   726.49,   230.15
  346.15,   722.79,   355.06
  343.29,   719.1,   479.97
  346.51,   851.41,   233.78
  343.66,   847.72,   358.7
  340.8,   844.02,   483.61
  476.45,   603.98,   229.44
  473.59,   600.29,   354.35
  470.73,   596.59,   479.26
  473.95,   728.9,   233.07
  471.09,   725.21,   357.99
  468.24,   721.51,   482.9
  471.46,   853.82,   236.71
  468.6,   850.13,   361.63
  465.74,   846.43,   486.54
  601.39,   606.39,   232.37
  598.53,   602.7,   357.28
  595.68,   599.0,   482.19
  598.9,   731.31,   236.0
  596.04,   727.62,   360.92
  593.18,   723.93,   485.83
  596.4,   856.24,   239.64
  593.54,   852.54,   364.56
  590.68,   848.85,   489.47
  348.02,   601.2,   350.59
  344.7,   597.87,   475.5
  341.38,   594.55,   600.41
  349.02,   726.15,   353.94
  345.7,   722.82,   478.86
  342.38,   719.5,   603.77
  350.02,   851.1,   357.3
  346.7,   847.78,   482.21
  343.38,   844.45,   607.12
  472.97,   600.11,   353.88
  469.65,   596.78,   478.8
  466.33,   593.46,   603.71
  473.97,   725.06,   357.24
  470.65,   721.73,   482.15
  467.33,   718.41,   607.06
  474.97,   850.01,   360.59
  471.65,   846.69,   485.5
  468.33,   843.36,   610.41
  597.92,   599.02,   357.18
  594.6,   595.69,   482.09
  591.28,   592.37,   607.0
  598.92,   723.97,   360.53
  595.6,   720.65,   485.44
  592.28,   717.32,   610.35
  599.92,   848.92,   363.88
  596.6,   845.6,   488.79
  593.28,   842.27,   613.71
  349.67,   600.52,   476.44
  349.63,   601.39,   601.44
  349.59,   602.25,   726.44
  348.91,   725.52,   475.58
  348.86,   726.38,   600.58
  348.82,   727.25,   725.57
  348.14,   850.51,   474.71
  348.1,   851.38,   599.71
  348.06,   852.24,   724.71
  474.67,   601.29,   476.48
  474.63,   602.16,   601.48
  474.59,   603.02,   726.47
  473.9,   726.29,   475.61
  473.86,   727.15,   600.61
  473.82,   728.01,   725.61
  473.13,   851.28,   474.75
  473.09,   852.14,   599.74
  473.05,   853.01,   724.74
  599.67,   602.06,   476.51
  599.63,   602.92,   601.51
  599.59,   603.79,   726.51
  598.9,   727.05,   475.65
  598.86,   727.92,   600.64
  598.82,   728.78,   725.64
  598.13,   852.05,   474.78
  598.09,   852.91,   599.78
  598.05,   853.78,   724.78
  350.94,   601.05,   598.32
  349.2,   601.35,   723.31
  347.46,   601.66,   848.3
  350.19,   726.05,   598.01
  348.45,   726.35,   723.0
  346.71,   726.65,   847.98
  349.44,   851.05,   597.69
  347.71,   851.35,   722.68
  345.97,   851.65,   847.67
  475.92,   601.8,   600.06
  474.18,   602.11,   725.04
  472.45,   602.41,   850.03
  475.18,   726.8,   599.74
  473.44,   727.1,   724.73
  471.7,   727.41,   849.72
  474.43,   851.8,   599.43
  472.69,   852.1,   724.42
  470.95,   852.4,   849.41
  600.91,   602.55,   601.79
  599.17,   602.86,   726.78
  597.43,   603.16,   851.77
  600.16,   727.55,   601.48
  598.42,   727.85,   726.47
  596.69,   728.16,   851.45
  599.41,   852.55,   601.17
  597.68,   852.85,   726.15
  595.94,   853.15,   851.14
  473.17,   101.68,   100.22
  470.96,   100.23,   225.19
  468.74,   98.77,   350.17
  475.6,   226.65,   101.72
  473.38,   225.19,   226.69
  471.16,   223.74,   351.66
  478.02,   351.61,   103.21
  475.81,   350.16,   228.19
  473.59,   348.71,   353.16
  598.13,   99.23,   102.41
  595.91,   97.77,   227.38
  593.7,   96.32,   352.35
  600.55,   224.2,   103.91
  598.34,   222.74,   228.88
  596.12,   221.29,   353.85
  602.98,   349.16,   105.4
  600.76,   347.71,   230.37
  598.54,   346.26,   355.35
  723.09,   96.78,   104.6
  720.87,   95.32,   229.57
  718.65,   93.87,   354.54
  725.51,   221.74,   106.1
  723.29,   220.29,   231.07
  721.08,   218.84,   356.04
  727.94,   346.71,   107.59
  725.72,   345.26,   232.56
  723.5,   343.81,   357.54
  474.43,   101.58,   226.47
  474.99,   101.85,   351.47
  475.55,   102.11,   476.47
  474.86,   226.58,   226.2
  475.42,   226.84,   351.2
  475.98,   227.11,   476.2
  475.28,   351.58,   225.93
  475.84,   351.84,   350.93
  476.4,   352.11,   475.93
  599.43,   101.15,   225.91
  599.99,   101.42,   350.91
  600.55,   101.69,   475.91
  599.86,   226.15,   225.64
  600.42,   226.42,   350.64
  600.98,   226.69,   475.64
  600.28,   351.15,   225.37
  600.84,   351.42,   350.37
  601.4,   351.68,   475.37
  724.43,   100.72,   225.35
  724.99,   100.99,   350.35
  725.55,   101.26,   475.35
  724.85,   225.72,   225.08
  725.41,   225.99,   350.08
  725.97,   226.26,   475.08
  725.28,   350.72,   224.81
  725.84,   350.99,   349.81
  726.4,   351.26,   474.81
  473.25,   101.15,   351.01
  472.18,   99.15,   475.99
  471.11,   97.15,   600.97
  474.11,   226.13,   353.02
  473.04,   224.13,   478.0
  471.97,   222.13,   602.98
  474.96,   351.11,   355.03
  473.89,   349.11,   480.01
  472.82,   347.11,   604.99
  598.25,   100.28,   352.07
  597.18,   98.28,   477.05
  596.11,   96.28,   602.03
  599.1,   225.26,   354.07
  598.03,   223.26,   479.05
  596.96,   221.26,   604.03
  599.96,   350.24,   356.08
  598.89,   348.24,   481.06
  597.82,   346.24,   606.04
  723.24,   99.41,   353.12
  722.17,   97.41,   478.1
  721.1,   95.41,   603.08
  724.09,   224.39,   355.13
  723.02,   222.39,   480.11
  721.95,   220.39,   605.09
  724.95,   349.37,   357.14
  723.88,   347.37,   482.12
  722.81,   345.37,   607.1
  474.58,   100.89,   476.54
  475.83,   102.15,   601.52
  477.08,   103.42,   726.51
  471.8,   225.85,   475.3
  473.05,   227.12,   600.29
  474.31,   228.38,   725.27
  469.03,   350.81,   474.06
  470.28,   352.08,   599.05
  471.53,   353.34,   724.04
  599.54,   103.65,   475.26
  600.79,   104.91,   600.24
  602.04,   106.18,   725.23
  596.77,   228.61,   474.02
  598.02,   229.88,   599.01
  599.27,   231.14,   723.99
  593.99,   353.58,   472.78
  595.24,   354.84,   597.77
  596.49,   356.11,   722.76
  724.5,   106.41,   473.98
  725.76,   107.68,   598.96
  727.01,   108.94,   723.95
  721.73,   231.37,   472.74
  722.98,   232.64,   597.73
  724.23,   233.91,   722.71
  718.95,   356.34,   471.5
  720.21,   357.6,   596.49
  721.46,   358.87,   721.48
  475.93,   101.69,   600.46
  473.22,   98.6,   725.39
  470.51,   95.51,   850.32
  472.53,   226.61,   603.47
  469.82,   223.52,   728.41
  467.11,   220.43,   853.34
  469.12,   351.52,   606.49
  466.41,   348.43,   731.42
  463.71,   345.35,   856.35
  600.86,   105.03,   603.25
  598.15,   101.94,   728.18
  595.44,   98.85,   853.12
  597.45,   229.94,   606.26
  594.74,   226.86,   731.2
  592.03,   223.77,   856.13
  594.05,   354.86,   609.28
  591.34,   351.77,   734.21
  588.63,   348.68,   859.14
  725.78,   108.36,   606.04
  723.07,   105.28,   730.97
  720.36,   102.19,   855.91
  722.38,   233.28,   609.05
  719.67,   230.19,   733.99
  716.96,   227.1,   858.92
  718.97,   358.2,   612.07
  716.26,   355.11,   737.0
  713.55,   352.02,   861.93
  474.94,   224.57,   98.27
  475.92,   224.25,   223.27
  476.9,   223.93,   348.26
  475.94,   349.56,   98.58
  476.93,   349.24,   223.58
  477.91,   348.92,   348.57
  476.95,   474.56,   98.89
  477.93,   474.24,   223.89
  478.91,   473.92,   348.88
  599.93,   223.56,   97.28
  600.91,   223.24,   222.28
  601.89,   222.92,   347.28
  600.93,   348.56,   97.6
  601.92,   348.24,   222.59
  602.9,   347.92,   347.59
  601.94,   473.56,   97.91
  602.92,   473.24,   222.9
  603.91,   472.92,   347.9
  724.92,   222.56,   96.3
  725.9,   222.24,   221.29
  726.89,   221.92,   346.29
  725.93,   347.56,   96.61
  726.91,   347.24,   221.61
  727.89,   346.92,   346.6
  726.93,   472.55,   96.92
  727.92,   472.23,   221.92
  728.9,   471.91,   346.91
  474.23,   224.32,   224.49
  474.67,   225.17,   349.49
  475.1,   226.02,   474.48
  474.09,   349.32,   223.64
  474.52,   350.17,   348.64
  474.96,   351.01,   473.64
  473.94,   474.32,   222.8
  474.38,   475.16,   347.79
  474.81,   476.01,   472.79
  599.23,   224.47,   224.05
  599.67,   225.31,   349.05
  600.1,   226.16,   474.05
  599.09,   349.46,   223.21
  599.52,   350.31,   348.2
  599.95,   351.16,   473.2
  598.94,   474.46,   222.36
  599.37,   475.31,   347.36
  599.81,   476.15,   472.36
  724.23,   224.61,   223.62
  724.66,   225.46,   348.62
  725.1,   226.3,   473.61
  724.08,   349.61,   222.77
  724.52,   350.45,   347.77
  724.95,   351.3,   472.77
  723.94,   474.6,   221.93
  724.37,   475.45,   346.92
  724.81,   476.3,   471.92
  475.89,   226.45,   349.61
  479.64,   227.2,   474.55
  483.39,   227.96,   599.49
  479.08,   351.4,   348.75
  482.83,   352.16,   473.69
  486.58,   352.92,   598.64
  482.28,   476.36,   347.9
  486.03,   477.12,   472.84
  489.78,   477.88,   597.78
  600.79,   223.23,   345.88
  604.54,   223.99,   470.82
  608.29,   224.75,   595.76
  603.98,   348.18,   345.02
  607.74,   348.94,   469.96
  611.49,   349.7,   594.91
  607.18,   473.14,   344.17
  610.93,   473.9,   469.11
  614.68,   474.66,   594.05
  725.69,   220.01,   342.15
  729.44,   220.77,   467.09
  733.19,   221.53,   592.03
  728.89,   344.96,   341.29
  732.64,   345.72,   466.24
  736.39,   346.48,   591.18
  732.08,   469.92,   340.44
  735.83,   470.68,   465.38
  739.58,   471.44,   590.32
  476.68,   225.42,   475.88
  478.71,   226.46,   600.86
  480.74,   227.49,   725.84
  478.15,   350.4,   474.82
  480.18,   351.44,   599.8
  482.2,   352.48,   724.78
  479.61,   475.39,   473.76
  481.64,   476.43,   598.74
  483.67,   477.47,   723.72
  601.66,   223.94,   473.87
  603.68,   224.97,   598.85
  605.71,   226.01,   723.82
  603.12,   348.92,   472.8
  605.15,   349.96,   597.78
  607.18,   351.0,   722.76
  604.59,   473.91,   471.74
  606.62,   474.95,   596.72
  608.64,   475.98,   721.7
  726.63,   222.45,   471.85
  728.66,   223.49,   596.83
  730.69,   224.53,   721.81
  728.1,   347.44,   470.79
  730.12,   348.48,   595.77
  732.15,   349.52,   720.75
  729.56,   472.43,   469.73
  731.59,   473.46,   594.71
  733.62,   474.5,   719.68
  476.24,   224.22,   598.31
  472.71,   220.83,   723.21
  469.18,   217.43,   848.12
  477.82,   349.16,   601.75
  474.29,   345.77,   726.65
  470.76,   342.38,   851.55
  479.41,   474.1,   605.18
  475.87,   470.71,   730.09
  472.34,   467.32,   854.99
  601.18,   222.54,   601.8
  597.65,   219.15,   726.7
  594.12,   215.76,   851.6
  602.76,   347.48,   605.23
  599.23,   344.09,   730.14
  595.7,   340.7,   855.04
  604.35,   472.43,   608.67
  600.81,   469.03,   733.57
  597.28,   465.64,   858.48
  726.12,   220.86,   605.28
  722.59,   217.47,   730.19
  719.06,   214.08,   855.09
  727.7,   345.81,   608.72
  724.17,   342.41,   733.63
  720.64,   339.02,   858.53
  729.29,   470.75,   612.16
  725.75,   467.36,   737.06
  722.22,   463.97,   861.97
  476.46,   350.45,   101.08
  473.53,   352.03,   226.04
  470.6,   353.6,   350.99
  479.8,   475.4,   99.58
  476.87,   476.97,   224.54
  473.94,   478.55,   349.5
  483.14,   600.35,   98.09
  480.21,   601.92,   223.04
  477.28,   603.5,   348.0
  601.38,   347.15,   104.05
  598.45,   348.73,   229.01
  595.52,   350.3,   353.97
  604.72,   472.1,   102.56
  601.79,   473.67,   227.51
  598.86,   475.25,   352.47
  608.06,   597.04,   101.06
  605.13,   598.62,   226.02
  602.2,   600.19,   350.97
  726.3,   343.85,   107.03
  723.37,   345.42,   231.98
  720.44,   347.0,   356.94
  729.64,   468.79,   105.53
  726.71,   470.37,   230.48
  723.78,   471.95,   355.44
  732.98,   593.74,   104.03
  730.05,   595.32,   228.99
  727.12,   596.89,   353.94
  475.19,   349.68,   225.63
  471.56,   351.93,   350.56
  467.94,   354.19,   475.49
  471.55,   474.6,   223.27
  467.93,   476.86,   348.2
  464.3,   479.11,   473.12
  467.91,   599.53,   220.91
  464.29,   601.78,   345.84
  460.66,   604.04,   470.76
  600.08,   353.38,   229.19
  596.46,   355.64,   354.11
  592.83,   357.9,   479.04
  596.44,   478.31,   226.83
  592.82,   480.57,   351.75
  589.2,   482.82,   476.68
  592.81,   603.23,   224.47
  589.18,   605.49,   349.39
  585.56,   607.75,   474.32
  724.98,   357.09,   232.74
  721.35,   359.35,   357.67
  717.73,   361.6,   482.6
  721.34,   482.02,   230.38
  717.71,   484.27,   355.31
  714.09,   486.53,   480.24
  717.7,   606.94,   228.02
  714.08,   609.2,   352.95
  710.45,   611.45,   477.88
  473.86,   351.21,   350.44
  475.43,   348.7,   475.4
  477.0,   346.19,   600.37
  470.71,   476.15,   352.99
  472.28,   473.64,   477.95
  473.85,   471.13,   602.92
  467.57,   601.08,   355.53
  469.13,   598.57,   480.5
  470.7,   596.06,   605.46
  598.81,   354.39,   348.93
  600.38,   351.88,   473.9
  601.95,   349.37,   598.86
  595.67,   479.32,   351.48
  597.23,   476.82,   476.45
  598.8,   474.31,   601.41
  592.52,   604.26,   354.03
  594.08,   601.75,   479.0
  595.65,   599.24,   603.96
  723.76,   357.57,   347.43
  725.33,   355.06,   472.4
  726.9,   352.55,   597.36
  720.62,   482.5,   349.98
  722.18,   479.99,   474.94
  723.75,   477.48,   599.91
  717.47,   607.44,   352.53
  719.03,   604.93,   477.49
  720.6,   602.42,   602.46
  473.62,   349.62,   474.36
  476.55,   349.3,   599.32
  479.48,   348.97,   724.29
  477.27,   474.57,   474.6
  480.2,   474.24,   599.56
  483.12,   473.92,   724.53
  480.92,   599.51,   474.84
  483.85,   599.19,   599.8
  486.77,   598.86,   724.77
  598.54,   345.98,   471.42
  601.46,   345.65,   596.39
  604.39,   345.33,   721.36
  602.18,   470.93,   471.66
  605.11,   470.6,   596.63
  608.04,   470.27,   721.6
  605.83,   595.87,   471.9
  608.76,   595.55,   596.87
  611.68,   595.22,   721.84
  723.45,   342.34,   468.49
  726.37,   342.01,   593.46
  729.3,   341.69,   718.42
  727.1,   467.28,   468.73
  730.02,   466.96,   593.7
  732.95,   466.63,   718.66
  730.74,   592.23,   468.97
  733.67,   591.9,   593.94
  736.6,   591.58,   718.9
  474.82,   349.47,   599.45
  473.76,   348.91,   724.44
  472.71,   348.35,   849.44
  471.94,   474.43,   599.98
  470.89,   473.87,   724.98
  469.83,   473.32,   849.97
  469.07,   599.4,   600.52
  468.01,   598.84,   725.51
  466.96,   598.28,   850.51
  599.78,   352.34,   600.52
  598.72,   351.78,   725.51
  597.67,   351.22,   850.5
  596.9,   477.3,   601.05
  595.85,   476.74,   726.04
  594.8,   476.19,   851.04
  594.03,   602.27,   601.59
  592.98,   601.71,   726.58
  591.92,   601.15,   851.57
  724.74,   355.21,   601.58
  723.69,   354.65,   726.58
  722.63,   354.09,   851.57
  721.87,   480.17,   602.12
  720.81,   479.62,   727.11
  719.76,   479.06,   852.11
  718.99,   605.14,   602.65
  717.94,   604.58,   727.65
  716.88,   604.02,   852.64
  474.01,   475.15,   98.92
  473.57,   478.86,   223.87
  473.13,   482.56,   348.81
  470.42,   600.04,   95.2
  469.98,   603.75,   220.15
  469.54,   607.46,   345.09
  466.83,   724.93,   91.48
  466.39,   728.64,   216.43
  465.95,   732.35,   341.37
  598.96,   478.75,   99.26
  598.52,   482.46,   224.2
  598.08,   486.17,   349.14
  595.37,   603.64,   95.54
  594.93,   607.35,   220.48
  594.49,   611.06,   345.42
  591.78,   728.54,   91.82
  591.33,   732.25,   216.76
  590.89,   735.95,   341.7
  723.91,   482.36,   99.59
  723.47,   486.06,   224.53
  723.03,   489.77,   349.48
  720.32,   607.25,   95.87
  719.88,   610.96,   220.81
  719.43,   614.67,   345.76
  716.72,   732.14,   92.15
  716.28,   735.85,   217.09
  715.84,   739.56,   342.04
  476.64,   473.61,   223.28
  476.56,   474.56,   348.28
  476.49,   475.51,   473.28
  478.57,   598.59,   222.34
  478.49,   599.54,   347.33
  478.42,   600.49,   472.33
  480.5,   723.57,   221.39
  480.43,   724.52,   346.38
  480.35,   725.47,   471.38
  601.62,   471.68,   223.37
  601.55,   472.63,   348.37
  601.48,   473.58,   473.36
  603.55,   596.66,   222.42
  603.48,   597.61,   347.42
  603.41,   598.56,   472.42
  605.48,   721.64,   221.48
  605.41,   722.59,   346.47
  605.34,   723.54,   471.47
  726.61,   469.75,   223.46
  726.53,   470.7,   348.46
  726.46,   471.65,   473.45
  728.54,   594.73,   222.51
  728.47,   595.68,   347.51
  728.39,   596.63,   472.5
  730.47,   719.71,   221.56
  730.4,   720.66,   346.56
  730.32,   721.61,   471.56
  473.51,   476.78,   348.23
  474.41,   475.15,   473.21
  475.31,   473.51,   598.2
  471.73,   601.76,   349.87
  472.63,   600.12,   474.86
  473.53,   598.49,   599.85
  469.95,   726.73,   351.52
  470.85,   725.1,   476.51
  471.75,   723.46,   601.49
  598.49,   478.57,   347.35
  599.39,   476.93,   472.33
  600.29,   475.3,   597.32
  596.71,   603.54,   349.0
  597.61,   601.91,   473.98
  598.52,   600.28,   598.97
  594.93,   728.52,   350.64
  595.84,   726.89,   475.63
  596.74,   725.25,   600.61
  723.47,   480.36,   346.47
  724.38,   478.72,   471.46
  725.28,   477.09,   596.44
  721.7,   605.33,   348.12
  722.6,   603.7,   473.1
  723.5,   602.07,   598.09
  719.92,   730.31,   349.76
  720.82,   728.68,   474.75
  721.72,   727.04,   599.74
  473.85,   473.33,   476.74
  474.63,   470.83,   601.71
  475.4,   468.32,   726.68
  475.95,   598.28,   479.23
  476.72,   595.78,   604.2
  477.49,   593.28,   729.17
  478.05,   723.24,   481.71
  478.82,   720.74,   606.69
  479.59,   718.24,   731.66
  598.83,   471.25,   475.92
  599.61,   468.74,   600.9
  600.38,   466.24,   725.87
  600.93,   596.2,   478.41
  601.7,   593.7,   603.38
  602.47,   591.2,   728.36
  603.03,   721.16,   480.9
  603.8,   718.66,   605.87
  604.57,   716.16,   730.84
  723.81,   469.16,   475.11
  724.59,   466.66,   600.08
  725.36,   464.16,   725.05
  725.91,   594.12,   477.6
  726.68,   591.62,   602.57
  727.45,   589.12,   727.54
  728.01,   719.08,   480.09
  728.78,   716.58,   605.06
  729.55,   714.08,   730.03
  475.76,   473.95,   598.56
  472.8,   471.18,   723.5
  469.84,   468.41,   848.43
  476.49,   598.92,   601.35
  473.53,   596.15,   726.29
  470.57,   593.38,   851.22
  477.22,   723.89,   604.14
  474.26,   721.12,   729.08
  471.3,   718.34,   854.01
  600.73,   473.16,   601.51
  597.76,   470.39,   726.44
  594.8,   467.62,   851.37
  601.46,   598.13,   604.3
  598.5,   595.35,   729.23
  595.53,   592.58,   854.16
  602.19,   723.09,   607.09
  599.23,   720.32,   732.02
  596.26,   717.55,   856.95
  725.69,   472.36,   604.45
  722.73,   469.59,   729.38
  719.77,   466.82,   854.32
  726.42,   597.33,   607.24
  723.46,   594.56,   732.17
  720.5,   591.79,   857.11
  727.15,   722.3,   610.03
  724.19,   719.52,   734.96
  721.23,   716.75,   859.9
  475.17,   598.38,   101.99
  478.5,   599.32,   226.94
  481.82,   600.25,   351.89
  475.69,   723.38,   101.04
  479.02,   724.31,   225.99
  482.34,   725.24,   350.95
  476.21,   848.37,   100.09
  479.53,   849.31,   225.05
  482.86,   850.24,   350.0
  600.13,   597.84,   98.67
  603.45,   598.77,   223.62
  606.78,   599.7,   348.57
  600.65,   722.83,   97.72
  603.97,   723.77,   222.67
  607.29,   724.7,   347.62
  601.16,   847.83,   96.77
  604.49,   848.76,   221.72
  607.81,   849.7,   346.68
  725.08,   597.29,   95.35
  728.41,   598.23,   220.3
  731.73,   599.16,   345.25
  725.6,   722.29,   94.4
  728.92,   723.22,   219.35
  732.25,   724.16,   344.3
  726.12,   847.28,   93.45
  729.44,   848.22,   218.4
  732.77,   849.15,   343.36
  476.79,   600.93,   226.29
  478.96,   602.81,   351.26
  481.13,   604.69,   476.22
  479.09,   725.9,   224.37
  481.26,   727.77,   349.34
  483.43,   729.65,   474.31
  481.39,   850.86,   222.45
  483.56,   852.74,   347.42
  485.73,   854.62,   472.39
  601.75,   598.6,   224.16
  603.92,   600.48,   349.12
  606.09,   602.35,   474.09
  604.05,   723.56,   222.24
  606.22,   725.44,   347.2
  608.39,   727.32,   472.17
  606.35,   848.53,   220.32
  608.52,   850.4,   345.29
  610.69,   852.28,   470.25
  726.71,   596.26,   222.02
  728.88,   598.14,   346.99
  731.05,   600.02,   471.96
  729.01,   721.23,   220.1
  731.18,   723.11,   345.07
  733.35,   724.98,   470.04
  731.31,   846.19,   218.19
  733.48,   848.07,   343.15
  735.65,   849.95,   468.12
  474.63,   601.95,   348.98
  474.84,   601.07,   473.98
  475.05,   600.18,   598.98
  474.78,   726.95,   349.87
  474.99,   726.06,   474.86
  475.21,   725.18,   599.86
  474.93,   851.95,   350.75
  475.15,   851.06,   475.75
  475.36,   850.17,   600.75
  599.63,   601.8,   348.77
  599.84,   600.91,   473.77
  600.05,   600.03,   598.76
  599.78,   726.8,   349.65
  599.99,   725.91,   474.65
  600.21,   725.02,   599.65
  599.93,   851.79,   350.54
  600.15,   850.91,   475.54
  600.36,   850.02,   600.53
  724.63,   601.65,   348.55
  724.84,   600.76,   473.55
  725.05,   599.88,   598.55
  724.78,   726.65,   349.44
  724.99,   725.76,   474.44
  725.2,   724.87,   599.43
  724.93,   851.64,   350.33
  725.14,   850.76,   475.32
  725.36,   849.87,   600.32
  473.35,   599.02,   473.57
  473.88,   596.81,   598.55
  474.41,   594.61,   723.53
  477.05,   723.95,   475.76
  477.58,   721.74,   600.74
  478.1,   719.53,   725.72
  480.74,   848.87,   477.96
  481.27,   846.66,   602.94
  481.8,   844.46,   727.91
  598.3,   595.33,   472.98
  598.82,   593.13,   597.96
  599.35,   590.92,   722.94
  601.99,   720.26,   475.17
  602.52,   718.05,   600.15
  603.05,   715.84,   725.13
  605.69,   845.19,   477.36
  606.22,   842.98,   602.34
  606.74,   840.77,   727.32
  723.24,   591.65,   472.39
  723.77,   589.44,   597.37
  724.3,   587.23,   722.35
  726.94,   716.57,   474.58
  727.46,   714.37,   599.56
  727.99,   712.16,   724.54
  730.63,   841.5,   476.77
  731.16,   839.29,   601.75
  731.69,   837.08,   726.73
  474.34,   601.77,   601.09
  477.99,   601.26,   726.03
  481.65,   600.75,   850.98
  473.37,   726.76,   601.62
  477.03,   726.25,   726.57
  480.69,   725.75,   851.51
  472.41,   851.76,   602.16
  476.07,   851.25,   727.1
  479.73,   850.74,   852.05
  599.28,   602.74,   597.43
  602.94,   602.24,   722.38
  606.6,   601.73,   847.32
  598.32,   727.74,   597.97
  601.98,   727.23,   722.92
  605.63,   726.73,   847.86
  597.35,   852.73,   598.51
  601.01,   852.23,   723.45
  604.67,   851.72,   848.4
  724.22,   603.72,   593.78
  727.88,   603.21,   718.73
  731.54,   602.71,   843.67
  723.26,   728.72,   594.32
  726.92,   728.21,   719.26
  730.58,   727.7,   844.21
  722.3,   853.71,   594.85
  725.96,   853.21,   719.8
  729.61,   852.7,   844.74
  601.97,   100.96,   99.18
  599.69,   102.85,   224.15
  597.42,   104.74,   349.11
  603.32,   225.94,   97.32
  601.05,   227.83,   222.28
  598.77,   229.71,   347.25
  604.67,   350.92,   95.46
  602.4,   352.81,   220.42
  600.12,   354.69,   345.39
  726.94,   99.65,   101.48
  724.67,   101.53,   226.44
  722.39,   103.42,   351.41
  728.29,   224.62,   99.61
  726.02,   226.51,   224.58
  723.74,   228.4,   349.55
  729.64,   349.6,   97.75
  727.37,   351.49,   222.72
  725.09,   353.37,   347.68
  851.91,   98.33,   103.77
  849.64,   100.21,   228.74
  847.36,   102.1,   353.7
  853.26,   223.31,   101.91
  850.99,   225.19,   226.88
  848.71,   227.08,   351.84
  854.62,   348.28,   100.05
  852.34,   350.17,   225.01
  850.07,   352.06,   349.98
  601.46,   101.7,   226.22
  599.02,   102.23,   351.19
  596.59,   102.77,   476.17
  600.74,   226.69,   225.67
  598.3,   227.23,   350.64
  595.86,   227.77,   475.62
  600.01,   351.69,   225.12
  597.57,   352.23,   350.1
  595.13,   352.76,   475.07
  726.44,   102.44,   228.65
  724.0,   102.97,   353.63
  721.56,   103.51,   478.6
  725.71,   227.43,   228.1
  723.27,   227.97,   353.08
  720.83,   228.5,   478.06
  724.98,   352.43,   227.56
  722.54,   352.96,   352.53
  720.11,   353.5,   477.51
  851.41,   103.17,   231.09
  848.97,   103.71,   356.06
  846.53,   104.24,   481.04
  850.68,   228.17,   230.54
  848.25,   228.7,   355.52
  845.81,   229.24,   480.49
  849.96,   353.17,   229.99
  847.52,   353.7,   354.97
  845.08,   354.24,   479.94
  600.21,   101.84,   351.73
  599.91,   102.48,   476.73
  599.6,   103.12,   601.73
  602.95,   226.81,   351.1
  602.65,   227.45,   476.1
  602.34,   228.09,   601.1
  605.69,   351.78,   350.47
  605.39,   352.42,   475.46
  605.08,   353.06,   600.46
  725.18,   99.1,   352.05
  724.87,   99.74,   477.05
  724.57,   100.38,   602.05
  727.92,   224.07,   351.42
  727.62,   224.71,   476.42
  727.31,   225.35,   601.42
  730.66,   349.04,   350.79
  730.36,   349.68,   475.78
  730.05,   350.32,   600.78
  850.15,   96.36,   352.37
  849.84,   97.0,   477.37
  849.54,   97.64,   602.37
  852.89,   221.33,   351.74
  852.59,   221.97,   476.74
  852.28,   222.61,   601.74
  855.63,   346.3,   351.11
  855.33,   346.94,   476.1
  855.02,   347.58,   601.1
  601.54,   100.82,   473.13
  600.86,   100.37,   598.13
  600.18,   99.93,   723.12
  597.91,   225.76,   473.55
  597.23,   225.32,   598.55
  596.55,   224.88,   723.55
  594.28,   350.71,   473.98
  593.6,   350.27,   598.97
  592.92,   349.82,   723.97
  726.48,   104.44,   473.82
  725.8,   104.0,   598.82
  725.12,   103.56,   723.81
  722.85,   229.39,   474.24
  722.17,   228.95,   599.24
  721.5,   228.5,   724.24
  719.22,   354.34,   474.67
  718.55,   353.89,   599.67
  717.87,   353.45,   724.66
  851.43,   108.07,   474.51
  850.75,   107.63,   599.51
  850.07,   107.18,   724.51
  847.8,   233.02,   474.94
  847.12,   232.57,   599.93
  846.44,   232.13,   724.93
  844.17,   357.96,   475.36
  843.49,   357.52,   600.36
  842.81,   357.08,   725.35
  601.32,   100.02,   601.83
  598.32,   102.21,   726.77
  595.32,   104.41,   851.72
  597.72,   224.94,   599.54
  594.72,   227.14,   724.49
  591.72,   229.34,   849.43
  594.13,   349.87,   597.26
  591.13,   352.07,   722.2
  588.12,   354.27,   847.15
  726.23,   103.67,   604.76
  723.23,   105.87,   729.71
  720.23,   108.06,   854.65
  722.64,   228.59,   602.48
  719.64,   230.79,   727.42
  716.63,   232.99,   852.37
  719.04,   353.52,   600.2
  716.04,   355.72,   725.14
  713.04,   357.92,   850.08
  851.15,   107.32,   607.7
  848.14,   109.52,   732.64
  845.14,   111.71,   857.59
  847.55,   232.25,   605.42
  844.55,   234.44,   730.36
  841.55,   236.64,   855.31
  843.95,   357.17,   603.13
  840.95,   359.37,   728.08
  837.95,   361.57,   853.02
  599.6,   223.39,   99.7
  602.89,   221.23,   224.64
  606.18,   219.07,   349.58
  602.08,   348.34,   101.79
  605.37,   346.19,   226.73
  608.66,   344.03,   351.67
  604.56,   473.3,   103.89
  607.85,   471.14,   228.82
  611.14,   468.99,   353.76
  724.53,   220.96,   96.37
  727.82,   218.8,   221.31
  731.11,   216.64,   346.25
  727.01,   345.92,   98.46
  730.3,   343.76,   223.4
  733.59,   341.6,   348.34
  729.5,   470.88,   100.55
  732.79,   468.72,   225.49
  736.08,   466.56,   350.43
  849.46,   218.53,   93.04
  852.75,   216.38,   217.98
  856.04,   214.22,   342.91
  851.94,   343.49,   95.13
  855.23,   341.33,   220.07
  858.52,   339.18,   345.01
  854.43,   468.45,   97.22
  857.72,   466.29,   222.16
  861.01,   464.13,   347.1
  598.8,   224.17,   225.9
  597.9,   224.49,   350.9
  597.0,   224.8,   475.9
  601.99,   349.13,   225.61
  601.09,   349.45,   350.61
  600.19,   349.76,   475.6
  605.18,   474.09,   225.32
  604.28,   474.41,   350.31
  603.38,   474.72,   475.31
  723.76,   220.99,   226.81
  722.86,   221.3,   351.81
  721.95,   221.62,   476.8
  726.94,   345.95,   226.52
  726.04,   346.26,   351.52
  725.14,   346.58,   476.51
  730.13,   470.9,   226.23
  729.23,   471.22,   351.22
  728.33,   471.54,   476.22
  848.71,   217.8,   227.72
  847.81,   218.12,   352.72
  846.91,   218.43,   477.71
  851.9,   342.76,   227.43
  851.0,   343.07,   352.42
  850.1,   343.39,   477.42
  855.09,   467.72,   227.13
  854.19,   468.03,   352.13
  853.29,   468.35,   477.13
  599.88,   226.81,   351.58
  600.24,   225.13,   476.57
  600.6,   223.44,   601.56
  600.17,   351.8,   353.26
  600.53,   350.12,   478.25
  600.89,   348.43,   603.24
  600.45,   476.79,   354.95
  600.81,   475.1,   479.93
  601.17,   473.42,   604.92
  724.88,   226.53,   351.22
  725.24,   224.85,   476.2
  725.6,   223.16,   601.19
  725.16,   351.52,   352.9
  725.52,   349.84,   477.89
  725.89,   348.15,   602.88
  725.45,   476.51,   354.58
  725.81,   474.82,   479.57
  726.17,   473.14,   604.56
  849.88,   226.25,   350.85
  850.24,   224.57,   475.84
  850.6,   222.88,   600.83
  850.16,   351.24,   352.53
  850.52,   349.56,   477.52
  850.88,   347.87,   602.51
  850.45,   476.23,   354.22
  850.81,   474.55,   479.21
  851.17,   472.86,   604.19
  599.22,   226.81,   475.19
  600.41,   226.41,   600.18
  601.61,   226.01,   725.18
  602.74,   351.76,   475.56
  603.93,   351.36,   600.55
  605.13,   350.96,   725.54
  606.26,   476.71,   475.92
  607.45,   476.31,   600.91
  608.65,   475.91,   725.91
  724.16,   223.29,   473.99
  725.36,   222.89,   598.98
  726.55,   222.49,   723.97
  727.68,   348.24,   474.35
  728.88,   347.84,   599.35
  730.07,   347.44,   724.34
  731.2,   473.19,   474.72
  732.4,   472.79,   599.71
  733.59,   472.39,   724.7
  849.11,   219.77,   472.78
  850.3,   219.38,   597.78
  851.49,   218.98,   722.77
  852.63,   344.72,   473.15
  853.82,   344.33,   598.14
  855.02,   343.93,   723.13
  856.15,   469.67,   473.51
  857.34,   469.28,   598.51
  858.54,   468.88,   723.5
  600.29,   223.86,   599.51
  602.8,   224.23,   724.49
  605.31,   224.59,   849.46
  601.05,   348.86,   599.13
  603.56,   349.22,   724.11
  606.07,   349.59,   849.08
  601.81,   473.86,   598.75
  604.32,   474.22,   723.73
  606.83,   474.59,   848.7
  725.27,   223.1,   597.01
  727.77,   223.46,   721.98
  730.28,   223.83,   846.95
  726.03,   348.09,   596.63
  728.54,   348.46,   721.6
  731.04,   348.82,   846.57
  726.79,   473.09,   596.25
  729.3,   473.45,   721.22
  731.8,   473.82,   846.19
  850.24,   222.33,   594.5
  852.75,   222.69,   719.47
  855.26,   223.06,   844.45
  851.0,   347.33,   594.12
  853.51,   347.69,   719.09
  856.02,   348.05,   844.07
  851.76,   472.32,   593.74
  854.27,   472.69,   718.71
  856.78,   473.05,   843.69
  600.03,   351.86,   98.82
  603.3,   354.26,   223.75
  606.57,   356.66,   348.69
  601.76,   476.82,   96.37
  605.03,   479.22,   221.31
  608.3,   481.62,   346.24
  603.49,   601.79,   93.93
  606.76,   604.19,   218.86
  610.03,   606.59,   343.79
  724.97,   350.07,   95.58
  728.24,   352.46,   220.51
  731.52,   354.86,   345.45
  726.7,   475.03,   93.13
  729.98,   477.43,   218.07
  733.25,   479.83,   343.0
  728.43,   599.99,   90.69
  731.71,   602.39,   215.62
  734.98,   604.79,   340.56
  849.92,   348.27,   92.34
  853.19,   350.67,   217.28
  856.46,   353.07,   342.21
  851.65,   473.24,   89.9
  854.92,   475.64,   214.83
  858.19,   478.03,   339.77
  853.38,   598.2,   87.45
  856.65,   600.6,   212.39
  859.92,   603.0,   337.32
  598.95,   348.82,   225.95
  598.7,   350.75,   350.94
  598.45,   352.68,   475.92
  598.4,   473.8,   224.02
  598.15,   475.73,   349.01
  597.9,   477.66,   473.99
  597.85,   598.79,   222.09
  597.6,   600.71,   347.07
  597.36,   602.64,   472.06
  723.95,   349.37,   226.19
  723.7,   351.3,   351.18
  723.45,   353.23,   476.16
  723.4,   474.35,   224.26
  723.15,   476.28,   349.24
  722.9,   478.21,   474.23
  722.85,   599.34,   222.33
  722.6,   601.27,   347.31
  722.35,   603.2,   472.3
  848.94,   349.92,   226.43
  848.7,   351.85,   351.42
  848.45,   353.78,   476.4
  848.4,   474.9,   224.5
  848.15,   476.83,   349.48
  847.9,   478.76,   474.47
  847.85,   599.89,   222.57
  847.6,   601.82,   347.55
  847.35,   603.75,   472.54
  601.42,   351.92,   350.24
  601.02,   350.2,   475.22
  600.62,   348.48,   600.21
  602.9,   476.9,   351.96
  602.5,   475.18,   476.95
  602.09,   473.46,   601.94
  604.38,   601.88,   353.68
  603.97,   600.16,   478.67
  603.57,   598.44,   603.66
  726.41,   350.44,   350.62
  726.01,   348.72,   475.61
  725.61,   347.0,   600.59
  727.89,   475.42,   352.34
  727.49,   473.7,   477.33
  727.08,   471.98,   602.32
  729.37,   600.4,   354.07
  728.96,   598.68,   479.05
  728.56,   596.96,   604.04
  851.4,   348.96,   351.0
  851.0,   347.24,   475.99
  850.6,   345.52,   600.98
  852.88,   473.94,   352.72
  852.48,   472.22,   477.71
  852.08,   470.5,   602.7
  854.36,   598.92,   354.45
  853.95,   597.2,   479.44
  853.55,   595.48,   604.42
  599.84,   350.72,   473.2
  599.77,   349.3,   598.19
  599.69,   347.88,   723.18
  603.56,   475.66,   474.62
  603.49,   474.24,   599.61
  603.41,   472.82,   724.6
  607.28,   600.59,   476.04
  607.2,   599.18,   601.03
  607.13,   597.76,   726.02
  724.79,   347.0,   473.23
  724.71,   345.58,   598.23
  724.64,   344.17,   723.22
  728.51,   471.94,   474.65
  728.43,   470.52,   599.64
  728.35,   469.1,   724.64
  732.22,   596.87,   476.07
  732.15,   595.46,   601.06
  732.07,   594.04,   726.06
  849.73,   343.28,   473.27
  849.66,   341.86,   598.26
  849.58,   340.45,   723.25
  853.45,   468.22,   474.69
  853.37,   466.8,   599.68
  853.3,   465.38,   724.67
  857.17,   593.16,   476.11
  857.09,   591.74,   601.1
  857.02,   590.32,   726.09
  601.95,   348.16,   600.17
  600.24,   351.11,   725.13
  598.52,   354.06,   850.08
  598.46,   473.07,   597.18
  596.75,   476.03,   722.13
  595.03,   478.98,   847.08
  594.97,   597.99,   594.18
  593.26,   600.94,   719.13
  591.54,   603.89,   844.08
  726.89,   351.69,   601.81
  725.18,   354.64,   726.76
  723.46,   357.59,   851.71
  723.4,   476.6,   598.81
  721.68,   479.55,   723.76
  719.97,   482.51,   848.71
  719.91,   601.52,   595.81
  718.19,   604.47,   720.76
  716.48,   607.42,   845.72
  851.83,   355.22,   603.44
  850.11,   358.17,   728.39
  848.4,   361.12,   853.35
  848.34,   480.13,   600.44
  846.62,   483.08,   725.39
  844.91,   486.04,   850.35
  844.85,   605.05,   597.44
  843.13,   608.0,   722.4
  841.42,   610.95,   847.35
  598.47,   473.83,   99.01
  600.16,   472.55,   223.99
  601.84,   471.27,   348.97
  599.91,   598.82,   100.27
  601.6,   597.54,   225.25
  603.28,   596.26,   350.23
  601.36,   723.8,   101.53
  603.04,   722.52,   226.51
  604.73,   721.24,   351.49
  723.45,   472.4,   97.31
  725.14,   471.12,   222.29
  726.82,   469.84,   347.27
  724.89,   597.39,   98.57
  726.58,   596.11,   223.55
  728.27,   594.83,   348.53
  726.34,   722.38,   99.83
  728.02,   721.1,   224.81
  729.71,   719.82,   349.79
  848.43,   470.98,   95.61
  850.12,   469.7,   220.59
  851.8,   468.42,   345.57
  849.88,   595.96,   96.87
  851.56,   594.68,   221.85
  853.25,   593.4,   346.83
  851.32,   720.95,   98.13
  853.0,   719.67,   223.11
  854.69,   718.39,   348.09
  601.1,   474.62,   225.72
  601.68,   478.07,   350.67
  602.25,   481.52,   475.62
  601.52,   599.57,   222.27
  602.09,   603.02,   347.22
  602.67,   606.47,   472.17
  601.94,   724.52,   218.82
  602.51,   727.97,   343.77
  603.08,   731.42,   468.72
  726.1,   474.19,   225.16
  726.67,   477.63,   350.11
  727.25,   481.08,   475.06
  726.52,   599.14,   221.71
  727.09,   602.59,   346.66
  727.66,   606.03,   471.61
  726.94,   724.09,   218.26
  727.51,   727.54,   343.21
  728.08,   730.99,   468.16
  851.1,   473.75,   224.6
  851.67,   477.2,   349.55
  852.24,   480.65,   474.5
  851.52,   598.7,   221.15
  852.09,   602.15,   346.1
  852.66,   605.6,   471.05
  851.93,   723.66,   217.7
  852.51,   727.11,   342.65
  853.08,   730.55,   467.6
  600.08,   473.78,   349.35
  602.15,   472.75,   474.33
  604.22,   471.72,   599.31
  598.69,   598.77,   350.4
  600.77,   597.74,   475.38
  602.84,   596.71,   600.36
  597.31,   723.76,   351.45
  599.38,   722.73,   476.43
  601.46,   721.7,   601.41
  725.05,   475.18,   347.29
  727.13,   474.15,   472.27
  729.2,   473.12,   597.25
  723.67,   600.17,   348.34
  725.74,   599.14,   473.32
  727.82,   598.11,   598.3
  722.29,   725.16,   349.39
  724.36,   724.13,   474.37
  726.43,   723.1,   599.35
  850.03,   476.58,   345.23
  852.1,   475.55,   470.21
  854.17,   474.52,   595.18
  848.65,   601.57,   346.28
  850.72,   600.54,   471.26
  852.79,   599.51,   596.24
  847.26,   726.56,   347.33
  849.34,   725.53,   472.31
  851.41,   724.5,   597.29
  598.62,   473.18,   473.65
  601.75,   470.73,   598.58
  604.88,   468.28,   723.52
  600.4,   598.14,   476.05
  603.53,   595.69,   600.99
  606.66,   593.24,   725.93
  602.18,   723.11,   478.46
  605.31,   720.66,   603.39
  608.44,   718.21,   728.33
  723.57,   471.46,   470.49
  726.7,   469.01,   595.42
  729.83,   466.56,   720.36
  725.35,   596.42,   472.89
  728.48,   593.97,   597.83
  731.61,   591.52,   722.76
  727.13,   721.39,   475.3
  730.26,   718.94,   600.23
  733.39,   716.49,   725.17
  848.52,   469.74,   467.32
  851.65,   467.29,   592.26
  854.77,   464.84,   717.2
  850.3,   594.7,   469.73
  853.43,   592.25,   594.67
  856.55,   589.81,   719.6
  852.08,   719.67,   472.13
  855.21,   717.22,   597.07
  858.33,   714.77,   722.01
  601.34,   475.71,   600.97
  601.14,   476.71,   725.96
  600.94,   477.71,   850.96
  604.26,   600.67,   599.97
  604.06,   601.67,   724.97
  603.86,   602.68,   849.96
  607.18,   725.63,   598.97
  606.98,   726.63,   723.97
  606.78,   727.64,   848.96
  726.3,   472.79,   601.19
  726.1,   473.79,   726.19
  725.9,   474.79,   851.18
  729.23,   597.75,   600.19
  729.02,   598.75,   725.19
  728.82,   599.76,   850.19
  732.15,   722.71,   599.2
  731.95,   723.71,   724.19
  731.75,   724.72,   849.19
  851.27,   469.87,   601.42
  851.07,   470.87,   726.41
  850.87,   471.88,   851.41
  854.19,   594.83,   600.42
  853.99,   595.83,   725.41
  853.79,   596.84,   850.41
  857.11,   719.79,   599.42
  856.91,   720.8,   724.42
  856.71,   721.8,   849.41
  600.25,   598.22,   101.94
  598.8,   598.63,   226.93
  597.35,   599.03,   351.92
  600.13,   723.22,   101.53
  598.68,   723.63,   226.53
  597.23,   724.03,   351.52
  600.02,   848.22,   101.13
  598.57,   848.62,   226.12
  597.12,   849.03,   351.11
  725.24,   598.34,   103.39
  723.79,   598.75,   228.38
  722.34,   599.15,   353.37
  725.13,   723.34,   102.98
  723.68,   723.75,   227.98
  722.22,   724.15,   352.97
  725.01,   848.34,   102.58
  723.56,   848.74,   227.57
  722.11,   849.15,   352.56
  850.23,   598.46,   104.84
  848.78,   598.87,   229.83
  847.33,   599.27,   354.82
  850.12,   723.46,   104.43
  848.67,   723.86,   229.42
  847.22,   724.27,   354.42
  850.0,   848.46,   104.03
  848.55,   848.86,   229.02
  847.1,   849.27,   354.01
  599.28,   599.26,   225.23
  595.79,   598.49,   350.18
  592.29,   597.71,   475.13
  598.71,   724.26,   225.99
  595.21,   723.48,   350.94
  591.71,   722.7,   475.89
  598.13,   849.26,   226.76
  594.63,   848.48,   351.71
  591.13,   847.7,   476.65
  724.23,   599.82,   228.73
  720.74,   599.04,   353.68
  717.24,   598.26,   478.63
  723.66,   724.82,   229.5
  720.16,   724.04,   354.44
  716.66,   723.26,   479.39
  723.08,   849.81,   230.26
  719.58,   849.04,   355.21
  716.08,   848.26,   480.16
  849.18,   600.38,   232.24
  845.68,   599.6,   357.18
  842.19,   598.82,   482.13
  848.61,   725.37,   233.0
  845.11,   724.59,   357.95
  841.61,   723.82,   482.9
  848.03,   850.37,   233.76
  844.53,   849.59,   358.71
  841.03,   848.81,   483.66
  598.22,   601.37,   348.34
  595.5,   602.95,   473.3
  592.79,   604.52,   598.26
  601.45,   726.32,   346.83
  598.73,   727.9,   471.79
  596.01,   729.47,   596.76
  604.67,   851.27,   345.33
  601.95,   852.85,   470.29
  599.24,   854.42,   595.25
  723.15,   598.18,   351.09
  720.43,   599.76,   476.05
  717.72,   601.33,   601.02
  726.37,   723.13,   349.59
  723.66,   724.7,   474.55
  720.94,   726.28,   599.51
  729.6,   848.08,   348.08
  726.88,   849.65,   473.05
  724.17,   851.23,   598.01
  848.08,   594.99,   353.85
  845.36,   596.56,   478.81
  842.65,   598.14,   603.77
  851.3,   719.94,   352.34
  848.59,   721.51,   477.31
  845.87,   723.09,   602.27
  854.53,   844.89,   350.84
  851.81,   846.46,   475.8
  849.1,   848.04,   600.76
  600.1,   600.83,   474.06
  598.22,   604.5,   598.99
  596.34,   608.17,   723.92
  601.3,   725.77,   470.4
  599.42,   729.44,   595.34
  597.54,   733.11,   720.27
  602.5,   850.71,   466.75
  600.62,   854.38,   591.68
  598.74,   858.05,   716.62
  725.08,   599.68,   475.97
  723.2,   603.35,   600.9
  721.32,   607.02,   725.83
  726.28,   724.62,   472.32
  724.4,   728.3,   597.25
  722.52,   731.97,   722.18
  727.48,   849.57,   468.67
  725.6,   853.24,   593.6
  723.72,   856.91,   718.53
  850.06,   598.54,   477.88
  848.18,   602.21,   602.82
  846.3,   605.88,   727.75
  851.26,   723.48,   474.23
  849.38,   727.15,   599.16
  847.5,   730.82,   724.1
  852.46,   848.42,   470.58
  850.58,   852.09,   595.51
  848.7,   855.76,   720.44
  601.46,   601.63,   601.56
  605.05,   603.68,   726.49
  608.64,   605.73,   851.43
  598.92,   726.59,   599.59
  602.51,   728.64,   724.52
  606.1,   730.69,   849.45
  596.39,   851.55,   597.61
  599.98,   853.6,   722.54
  603.57,   855.65,   847.47
  726.38,   604.11,   597.93
  729.97,   606.16,   722.86
  733.56,   608.21,   847.79
  723.84,   729.07,   595.95
  727.44,   731.12,   720.89
  731.03,   733.16,   845.82
  721.31,   854.03,   593.98
  724.9,   856.07,   718.91
  728.49,   858.12,   843.84
  851.3,   606.59,   594.3
  854.89,   608.63,   719.23
  858.48,   610.68,   844.16
  848.77,   731.54,   592.32
  852.36,   733.59,   717.26
  855.95,   735.64,   842.19
  846.23,   856.5,   590.35
  849.82,   858.55,   715.28
  853.41,   860.6,   840.21
