200 PA4-F-Output.txt
      -3.42     4.74   -23.90       -3.43     4.72   -23.89       0.021
     -16.34    10.67   -34.00      -16.35    10.64   -33.99       0.030
       5.48    20.49    43.46        5.49    20.46    43.46       0.037
      11.73    25.79    11.49       11.73    25.80    11.49       0.005
     -27.19   -31.27   -32.85      -27.18   -31.24   -32.84       0.032
      10.93    17.66   -11.21       10.90    17.65   -11.23       0.040
      -9.97   -26.26   -15.42       -9.97   -26.27   -15.41       0.012
      -5.48    20.04    39.77       -5.45    19.88    39.70       0.175
      -6.28     9.80    50.51       -6.28     9.80    50.51       0.005
      -6.34    -1.73    36.15       -6.21    -1.71    36.14       0.137
     -10.55     7.05     3.04      -10.46     6.96     3.06       0.123
      -3.13   -18.77   -10.30       -3.14   -18.75   -10.31       0.023
     -38.24   -23.47   -32.02      -38.20   -23.44   -32.01       0.052
     -42.06   -11.28   -29.04      -42.07   -11.28   -29.05       0.017
      30.50    -2.74   -26.20       30.50    -2.74   -26.14       0.063
      -2.09    16.64    48.97       -2.14    16.70    49.02       0.088
       0.26    10.86    -7.78        0.28    10.82    -7.76       0.055
     -31.95    -3.36    -9.93      -31.94    -3.38    -9.97       0.052
      -9.00   -29.19   -28.17       -9.07   -29.10   -28.15       0.112
     -26.77    -0.19   -45.45      -26.81    -0.14   -45.54       0.108
     -14.94    12.85    29.78      -14.97    12.83    29.80       0.037
      -6.84     1.76    32.93       -7.18     1.74    32.97       0.337
       6.35    10.38   -12.07        6.36    10.34   -12.05       0.046
      21.30    -3.74   -24.66       21.30    -3.74   -24.65       0.012
      17.83    27.07    -1.26       17.82    27.03    -1.26       0.038
      20.22   -12.00   -20.83       20.25   -11.97   -20.80       0.047
      -1.97   -19.91   -34.87       -1.92   -19.95   -34.90       0.069
      -1.02   -15.29   -36.30       -1.15   -15.31   -36.22       0.154
      -0.61    -6.32    55.78       -0.56    -6.22    55.78       0.110
       0.07     0.38   -24.86        0.07     0.38   -24.87       0.003
       3.28    20.04     2.67        3.24    20.06     2.65       0.044
     -31.80   -26.90   -15.81      -31.81   -26.92   -15.80       0.019
      -2.00    -8.47   -32.85       -1.96    -8.46   -32.86       0.045
     -34.41     4.47   -36.85      -34.38     4.44   -36.82       0.047
      -6.81     1.92    39.65       -6.59     1.96    39.64       0.226
     -28.66   -17.74    -7.27      -28.65   -17.75    -7.34       0.071
      -3.00    -4.92   -35.55       -3.03    -4.94   -35.56       0.044
       1.89    -9.27    20.89        1.92    -9.36    20.91       0.102
      21.33   -14.05    -3.56       21.31   -14.01    -3.58       0.043
     -37.81   -24.11   -32.11      -37.74   -24.05   -32.09       0.090
     -27.74    11.11   -26.23      -27.74    11.13   -26.23       0.023
      18.11    -7.64    13.65       18.11    -7.66    13.65       0.018
      23.08    -1.22    33.90       23.15    -1.29    33.93       0.096
      35.30    -2.12   -19.11       35.31    -2.12   -19.11       0.012
      -0.27   -18.17   -31.62       -0.27   -18.17   -31.62       0.009
       8.46   -16.13    -7.13        8.46   -16.10    -7.13       0.030
      14.90    22.68    31.95       14.87    22.52    31.96       0.162
      32.92     7.92    14.16       32.88     7.91    14.13       0.047
     -36.59   -19.71   -12.48      -36.55   -19.69   -12.50       0.046
      37.25    12.96     3.66       37.21    12.93     3.66       0.053
      27.35    22.82    -9.65       27.38    22.86    -9.65       0.044
      -3.05    14.88    58.64       -3.03    14.87    58.64       0.024
      22.90     2.95   -28.86       22.93     2.97   -28.82       0.048
       3.12    -9.35    19.41        3.11    -9.33    19.40       0.021
       2.71   -12.35   -25.78        2.74   -12.35   -25.81       0.043
       5.98   -14.29   -20.74        6.05   -14.37   -20.79       0.116
      -8.08    20.91    36.87       -8.10    20.95    36.90       0.053
      27.09     3.69    26.82       27.19     3.68    26.86       0.107
       4.94    23.74     6.32        4.91    23.78     6.31       0.057
       7.20    23.01    28.41        7.20    22.90    28.39       0.110
      31.03    -8.54    -1.91       31.02    -8.52    -1.91       0.017
      23.49    -7.94     7.35       23.51    -8.02     7.37       0.083
     -13.53    16.77    17.81      -13.60    16.79    17.72       0.117
     -30.51   -17.49   -46.15      -30.52   -17.50   -46.16       0.018
      -4.94    10.75    -0.36       -4.91    10.71    -0.35       0.052
     -26.78    11.34   -24.75      -26.82    11.43   -24.74       0.095
       9.72    -6.92    24.65        9.74    -7.13    24.67       0.210
       6.20    20.31    44.39        6.18    20.45    44.40       0.148
     -31.05   -29.56   -32.62      -31.06   -29.58   -32.63       0.027
      -3.37    12.68     1.95       -3.34    12.64     1.96       0.054
      -3.57    -4.06    56.92       -3.55    -4.04    56.92       0.023
      -8.50   -28.74   -26.15       -8.41   -28.85   -26.13       0.142
      18.19    17.52    51.40       18.15    17.48    51.40       0.049
      -3.84   -24.82   -28.72       -3.80   -24.85   -28.73       0.056
     -23.72   -30.46   -16.50      -23.74   -30.39   -16.53       0.082
      36.01     5.65   -18.69       35.98     5.66   -18.68       0.025
      -1.09    -5.74    49.41       -1.06    -5.68    49.41       0.067
       3.38    13.59    63.05        3.39    13.60    63.15       0.097
     -40.77    -5.32   -35.70      -40.80    -5.33   -35.72       0.039
     -33.05   -27.74   -18.35      -33.01   -27.67   -18.38       0.084
      32.67     2.09    15.21       32.65     2.10    15.19       0.029
     -30.23    -8.73    -6.75      -30.23    -8.73    -6.75       0.003
      11.20    18.98   -13.51       11.23    18.99   -13.50       0.036
      16.43    -3.51    58.40       16.57    -3.64    58.40       0.189
     -19.00    11.49   -32.60      -18.99    11.52   -32.61       0.029
     -16.56    -1.29   -47.10      -16.56    -1.30   -47.07       0.028
     -15.40    -1.61     3.88      -15.42    -1.60     3.88       0.022
      -1.47    -5.69    54.36       -1.48    -5.71    54.36       0.021
      36.17    14.44     4.24       36.22    14.48     4.24       0.070
      -6.77     4.51    46.18       -6.79     4.51    46.18       0.018
      -5.74    16.69    43.73       -5.69    16.66    43.69       0.077
       3.60     4.94   -19.21        3.60     4.93   -19.20       0.014
       9.89    -3.90    63.39        9.89    -3.90    63.37       0.021
      -8.70     6.40   -34.04       -8.78     6.33   -34.00       0.115
      -3.90    -8.78    20.81       -3.93    -8.84    20.83       0.069
      22.82    11.03   -30.99       22.83    11.03   -31.01       0.017
     -24.97     3.41   -13.58      -24.97     3.42   -13.56       0.021
     -39.24    -2.39   -37.21      -39.34    -2.36   -37.26       0.112
      11.32    24.56    -7.16       11.33    24.55    -7.15       0.023
      17.17    -8.87   -21.50       17.15    -8.92   -21.55       0.071
     -41.07   -18.65   -19.76      -41.01   -18.63   -19.77       0.063
     -30.88     6.09   -38.05      -30.85     6.02   -38.02       0.077
      -3.44     4.63   -24.03       -3.44     4.64   -24.03       0.011
      -8.04     6.49   -28.24       -8.04     6.49   -28.24       0.007
      -7.95    21.72    16.59       -7.95    21.71    16.60       0.017
      -7.88     5.82   -30.83       -7.84     5.86   -30.83       0.050
      34.72     4.12   -21.82       34.62     4.12   -21.76       0.114
      10.55    -6.75    52.10       10.53    -6.65    52.11       0.100
     -10.26     6.80    -5.18      -10.31     6.87    -5.17       0.087
     -10.80   -23.54   -11.68      -10.81   -23.52   -11.72       0.043
      13.18   -17.22    -8.71       13.21   -17.13    -8.69       0.099
      33.96    12.92   -18.99       33.94    12.90   -18.99       0.025
      16.29     4.28    63.10       16.29     4.28    63.04       0.059
      21.58   -15.89   -15.36       21.54   -15.73   -15.34       0.161
     -11.31   -25.99   -40.04      -11.38   -25.86   -39.94       0.181
     -26.45   -22.83    -8.34      -26.44   -22.78    -8.40       0.075
     -28.11   -18.39    -7.24      -28.11   -18.39    -7.23       0.008
      23.28     5.26    45.56       23.10     5.30    45.53       0.187
     -35.69   -25.11   -35.05      -35.64   -25.06   -35.03       0.080
       6.01    -6.81    39.21        6.02    -6.91    39.21       0.101
     -10.25    -6.95     8.97      -10.19    -6.90     8.94       0.083
      14.44    -2.33    63.10       14.44    -2.33    63.09       0.016
      -6.75     8.32    -9.17       -6.77     8.38    -9.17       0.064
      25.63    21.14    13.50       25.64    21.16    13.50       0.024
      34.69    -4.77     4.86       34.72    -4.80     4.86       0.042
      23.09     5.17    45.96       23.00     5.19    45.94       0.092
      24.59    11.95    33.35       24.60    11.95    33.35       0.012
      -8.13     8.12   -21.61       -8.13     8.11   -21.61       0.014
     -22.60   -21.58   -45.98      -22.59   -21.56   -45.97       0.019
      10.61    22.63    31.30       10.61    22.44    31.28       0.189
       9.85    -6.51   -21.81        9.85    -6.51   -21.82       0.014
      -6.28     9.70    59.69       -6.37     9.73    59.69       0.098
     -15.59   -11.80    -2.52      -15.61   -11.84    -2.47       0.068
     -21.92    -6.34    -4.65      -21.94    -6.33    -4.62       0.035
     -14.59     4.89   -42.02      -14.60     4.86   -41.98       0.050
     -11.93     9.23   -29.17      -11.92     9.25   -29.17       0.022
      17.95    -7.48    14.04       17.97    -7.60    14.07       0.124
     -29.15     0.26   -44.25      -29.12     0.22   -44.19       0.070
     -12.25     9.33   -18.65      -12.26     9.30   -18.67       0.036
      -2.94    10.94    62.90       -2.91    10.93    62.82       0.084
     -12.18    20.91    18.30      -12.15    20.87    18.35       0.074
      -0.56     1.64   -24.72       -0.56     1.64   -24.72       0.001
     -39.61   -14.69   -37.37      -39.66   -14.70   -37.38       0.049
      13.21    10.60   -14.29       13.18    10.61   -14.31       0.043
     -10.80   -18.71   -44.96      -10.77   -18.74   -44.94       0.043
      23.45     8.02    44.05       23.48     8.02    44.05       0.025
      11.62    20.25   -14.52       11.66    20.23   -14.50       0.051
      10.58     2.74    63.05       10.58     2.74    63.06       0.007
     -20.87   -30.48   -36.83      -20.87   -30.47   -36.82       0.017
       3.96    -0.47    63.38        3.96    -0.47    63.34       0.038
     -37.64   -13.37   -42.33      -37.62   -13.36   -42.32       0.021
     -39.66   -13.28   -13.82      -39.65   -13.27   -13.83       0.013
      37.99    -0.98   -11.34       38.03    -1.00   -11.36       0.050
     -37.99     4.15   -28.81      -37.97     4.14   -28.80       0.019
     -35.24   -17.21    -9.95      -35.24   -17.21    -9.95       0.002
     -40.93   -19.79   -29.79      -40.91   -19.79   -29.78       0.023
      26.08    -2.03    23.81       26.00    -1.95    23.77       0.122
      -4.90    16.21     9.85       -4.87    16.18     9.88       0.051
      15.04    12.58    63.14       15.04    12.58    63.16       0.015
      24.83     6.61   -30.31       24.83     6.61   -30.33       0.016
      13.02     0.87    62.99       13.02     0.87    63.02       0.035
     -30.17   -11.47   -47.20      -30.19   -11.48   -47.24       0.044
      -4.98    -2.27    56.82       -4.98    -2.27    56.82       0.000
     -13.48    16.08    34.83      -13.43    16.11    34.79       0.074
      31.63    10.99    15.03       31.54    10.95    14.99       0.106
      27.56    13.17    21.85       27.49    13.15    21.83       0.077
      -7.50    15.26    12.43       -7.56    15.31    12.38       0.090
     -16.78     6.31   -13.36      -16.78     6.34   -13.34       0.031
     -42.69    -2.84   -26.25      -42.74    -2.82   -26.25       0.055
     -20.38   -31.94   -21.07      -20.37   -32.09   -21.05       0.147
       4.54    23.15    27.50        4.53    23.09    27.49       0.065
     -43.66   -11.20   -22.96      -43.62   -11.20   -22.97       0.037
      33.87     1.74    13.51       33.89     1.74    13.52       0.022
      -6.71     8.93    54.09       -6.52     8.88    54.09       0.193
     -25.51   -12.33   -48.36      -25.52   -12.34   -48.42       0.065
      22.00    19.88    26.32       21.94    19.84    26.30       0.084
     -14.87   -15.04   -47.92      -14.86   -15.04   -47.94       0.014
      22.22    20.60    22.70       22.15    20.53    22.68       0.103
       3.59    11.15   -10.21        3.60    11.11   -10.20       0.043
     -25.47    -4.85    -8.09      -25.50    -4.81    -8.02       0.091
     -14.46    11.59    23.19      -14.40    11.64    23.20       0.078
      10.57    24.75    15.78       10.57    24.78    15.79       0.032
      -8.94    25.02    24.48       -8.94    25.03    24.48       0.008
      -9.05     7.16   -31.57       -9.06     7.15   -31.57       0.018
      -7.92    15.51    40.23       -7.86    15.51    40.17       0.081
       0.42    12.49    -3.81        0.38    12.59    -3.85       0.122
       2.66   -15.72   -24.43        2.61   -15.69   -24.40       0.063
       8.08    20.44    54.85        8.08    20.44    54.85       0.008
      -6.02     2.01   -35.73       -6.04     2.00   -35.73       0.014
       6.17    22.68    29.53        6.17    22.68    29.53       0.006
       9.04    -6.70    45.91        9.04    -6.68    45.91       0.016
      32.50    -6.84     0.18       32.42    -6.74     0.18       0.129
     -18.81   -10.53    -2.92      -18.80   -10.52    -2.95       0.026
      25.34     4.43    33.41       25.46     4.42    33.44       0.122
     -35.41     6.64   -29.11      -35.37     6.59   -29.10       0.067
     -40.24   -19.47   -18.24      -40.19   -19.45   -18.26       0.051
      -3.57   -16.61   -39.84       -3.65   -16.56   -39.76       0.129
      27.41    -8.81     4.18       27.41    -8.84     4.19       0.032
       6.76    -1.08    63.28        6.75    -1.08    63.34       0.061
     -28.46   -28.03   -14.24      -28.46   -28.04   -14.24       0.013
