200 PA4-E-Output.txt
      -1.52    23.96    21.66       -1.51    24.11    21.66       0.150
     -16.93     6.21   -13.17      -16.92     6.17   -13.22       0.069
       6.57    16.61    -5.96        6.53    16.65    -5.99       0.061
      11.13    -6.58    56.98       11.13    -6.57    56.98       0.008
       5.12     7.49    63.36        5.12     7.49    63.33       0.030
      32.25    13.86    12.47       32.22    13.84    12.44       0.045
       5.14    15.55    63.14        5.14    15.55    63.14       0.008
       4.25    -7.13    39.32        4.25    -7.03    39.32       0.106
      31.04    16.71    11.57       31.02    16.70    11.55       0.035
      11.68    21.95    36.21       11.68    21.95    36.21       0.005
     -14.72    13.51    19.93      -14.74    13.50    19.92       0.027
      -4.54    13.32     5.66       -4.49    13.26     5.69       0.084
     -31.41   -29.64   -31.78      -31.37   -29.58   -31.77       0.077
     -10.89    23.09    20.00      -10.91    23.15    19.96       0.068
      -2.85    15.03    57.43       -2.92    15.10    57.44       0.099
      16.90    -3.77    52.30       16.99    -3.87    52.31       0.128
      -8.82   -22.84   -11.96       -8.79   -22.88   -11.93       0.064
     -34.52   -27.53   -21.46      -34.49   -27.49   -21.47       0.054
     -28.81   -17.60    -7.38      -28.81   -17.59    -7.37       0.012
       7.63    22.64    -3.77        7.72    22.58    -3.73       0.109
      -0.17    -8.16    26.29       -0.18    -8.31    26.33       0.150
      17.67    18.93    46.18       17.71    18.98    46.20       0.059
     -38.24   -17.01   -13.21      -38.27   -17.02   -13.20       0.036
      -2.58   -20.05   -35.88       -2.63   -20.01   -35.85       0.074
     -33.69   -27.35   -34.41      -33.64   -27.27   -34.37       0.098
      26.72    -1.41   -28.46       26.73    -1.38   -28.42       0.055
      14.16    22.57    32.45       14.17    22.55    32.45       0.019
      20.20    23.50    14.63       20.22    23.56    14.65       0.069
      30.44    19.62   -17.55       30.51    19.66   -17.57       0.080
       3.43   -16.96    -8.59        3.43   -16.94    -8.60       0.022
      -0.81   -19.89   -31.56       -0.82   -19.89   -31.56       0.005
      29.63    21.23    -5.14       29.58    21.18    -5.14       0.069
      37.06    10.59     8.12       36.97    10.57     8.04       0.121
      -1.92    -7.84    28.94       -1.89    -7.64    28.89       0.202
      34.79    15.74    -8.82       34.83    15.77    -8.82       0.044
      13.06    -5.92    56.20       13.08    -5.94    56.21       0.029
      15.30    25.62    11.40       15.29    25.60    11.40       0.025
      -7.63    -7.82    12.78       -7.61    -7.79    12.77       0.039
      -6.17   -21.15   -11.53       -6.16   -21.16   -11.53       0.013
      39.67     1.90    -4.29       39.72     1.86    -4.28       0.065
     -39.94   -20.03   -18.16      -39.91   -20.01   -18.18       0.041
      -3.21   -20.65   -13.22       -3.23   -20.61   -13.24       0.040
      31.17    -5.12    11.65       31.18    -5.14    11.66       0.029
      -3.48   -22.42   -34.61       -3.43   -22.45   -34.66       0.082
      30.26    12.02    16.60       30.24    12.02    16.59       0.022
       2.75     8.66   -14.99        2.75     8.62   -14.97       0.044
     -17.56   -13.36   -48.76      -17.58   -13.35   -48.69       0.072
     -28.12   -12.24   -47.95      -28.11   -12.23   -47.91       0.041
     -10.46    -9.59     4.08      -10.49    -9.65     4.11       0.073
      18.19   -15.87   -15.34       18.20   -15.83   -15.33       0.039
       2.03    -6.96    53.01        2.04    -6.92    53.02       0.041
     -44.19    -6.65   -24.96      -43.97    -6.70   -24.91       0.234
      12.02   -13.45   -17.37       12.00   -13.41   -17.34       0.053
      -1.32    18.47    46.96       -1.25    18.34    46.93       0.142
     -11.35    -9.88     2.93      -11.35    -9.89     2.93       0.017
      15.97    24.64   -18.67       15.97    24.64   -18.67       0.003
      -7.54    21.84    35.88       -7.55    21.85    35.88       0.008
      15.31     7.66    63.18       15.31     7.66    63.15       0.023
      -6.46   -21.30   -39.95       -6.50   -21.27   -39.92       0.064
      -7.67    17.90    13.70       -7.67    17.90    13.70       0.004
      17.32    17.18    59.60       17.26    17.12    59.59       0.083
     -10.85   -10.68   -47.07      -10.85   -10.68   -47.08       0.008
      29.68     3.67    20.34       29.59     3.67    20.30       0.093
      18.54   -12.42     1.00       18.56   -12.46     1.02       0.050
     -31.02     6.07   -38.32      -30.93     5.88   -38.24       0.223
     -36.17   -25.24   -18.75      -36.17   -25.24   -18.75       0.003
      21.57    25.49    -6.88       21.58    25.51    -6.88       0.022
      21.05     1.43    52.15       21.12     1.40    52.16       0.079
      22.35    23.50    11.86       22.31    23.40    11.84       0.112
      -5.88    -4.68    28.10       -5.97    -4.78    28.10       0.131
      -0.40    17.45    53.42       -0.45    17.53    53.43       0.094
       1.47    -6.85    52.94        1.47    -6.84    52.95       0.010
      19.81   -16.34    -5.55       19.81   -16.35    -5.55       0.004
       1.02   -11.66     7.86        1.02   -11.68     7.86       0.020
      -0.44    -6.08    44.96       -0.47    -6.15    44.97       0.071
       7.96    19.62    60.63        7.94    19.52    60.55       0.131
      11.83    -7.82    18.00       11.83    -7.82    18.00       0.006
       7.89    -7.54    21.51        7.94    -7.74    21.53       0.210
     -38.71     2.76   -31.68      -38.62     2.66   -31.64       0.137
     -39.29   -18.42   -35.72      -39.32   -18.43   -35.73       0.028
       0.15    -6.67    60.34        0.17    -6.61    60.35       0.059
     -22.80     9.73   -18.29      -22.80     9.73   -18.29       0.006
      34.60    -4.81     5.10       34.64    -4.86     5.10       0.070
      19.20   -10.66   -20.92       19.21   -10.65   -20.90       0.027
     -40.94    -3.24   -17.19      -40.95    -3.23   -17.18       0.007
      12.63    22.14   -18.20       12.74    22.48   -18.17       0.363
     -21.38    -4.80   -48.15      -21.36    -4.82   -48.10       0.064
      19.02    16.49    51.69       18.99    16.46    51.68       0.042
     -37.11    -6.66   -42.27      -37.11    -6.66   -42.28       0.008
      -6.05   -10.68     6.29       -6.07   -10.73     6.30       0.049
       3.75   -13.07   -24.41        3.72   -13.06   -24.39       0.039
     -15.50    -1.09     3.52      -15.51    -1.08     3.52       0.012
      38.77     6.13     7.40       38.75     6.12     7.39       0.019
     -28.64     7.70   -36.47      -28.66     7.75   -36.49       0.058
     -27.82   -18.57   -46.66      -27.82   -18.57   -46.65       0.011
     -19.71   -22.43    -8.14      -19.72   -22.40    -8.18       0.048
      36.95    13.20     2.87       37.00    13.24     2.87       0.060
       7.45   -15.25   -17.18        7.48   -15.31   -17.21       0.078
      -7.08    -6.36    20.15       -7.12    -6.38    20.16       0.046
      17.80    17.47   -30.56       17.80    17.49   -30.58       0.029
      30.34    13.73   -25.04       30.30    13.70   -25.00       0.060
      26.70    23.03   -10.37       26.81    23.18   -10.38       0.194
     -29.59     9.75   -21.42      -29.60     9.77   -21.41       0.027
      -5.41     8.72    62.31       -5.42     8.73    62.32       0.009
      33.98     8.89    11.94       34.11     8.92    12.03       0.159
      33.84    -6.65   -14.17       33.92    -6.70   -14.17       0.088
     -12.46   -27.60   -15.93      -12.46   -27.64   -15.91       0.039
      -7.61   -26.43   -18.58       -7.50   -26.53   -18.51       0.164
      -5.29    24.67    22.77       -5.30    24.62    22.78       0.052
     -16.16     0.87   -45.68      -16.14     0.89   -45.71       0.046
     -18.12    -2.54    -0.82      -18.07    -2.56    -0.83       0.046
      -1.46    -4.38   -29.75       -1.49    -4.40   -29.72       0.040
      -2.86    -4.60    60.96       -2.99    -4.72    60.95       0.179
      -7.44    -5.78    19.33       -7.59    -5.90    19.35       0.188
     -27.35   -31.56   -21.56      -27.34   -31.53   -21.57       0.027
     -19.68   -29.28   -38.68      -19.66   -29.33   -38.71       0.060
       7.87    20.56    45.12        7.85    20.67    45.13       0.114
      34.88    15.64   -10.73       34.90    15.65   -10.73       0.023
     -31.34    -8.38    -7.28      -31.34    -8.39    -7.29       0.012
     -41.77    -3.24   -18.31      -41.79    -3.23   -18.30       0.030
      -1.82   -17.30    -7.62       -1.82   -17.32    -7.61       0.023
       1.18    -7.17    56.40        1.25    -6.95    56.40       0.231
     -12.27     5.74    -2.89      -12.27     5.73    -2.89       0.010
     -16.04   -31.76   -22.97      -16.04   -31.77   -22.97       0.012
      22.93    17.29    28.86       23.02    17.35    28.88       0.110
      -0.11    -6.61    39.60       -0.08    -6.54    39.60       0.070
       9.68    -6.80    28.09        9.68    -6.84    28.09       0.042
      35.87    14.22    -3.33       35.90    14.25    -3.33       0.037
      21.04    10.80    59.73       21.02    10.79    59.72       0.026
      -6.37    10.56    46.89       -6.50    10.57    46.90       0.132
     -11.94    23.07    30.43      -11.99    23.14    30.47       0.093
     -17.53   -30.64   -35.51      -17.52   -30.66   -35.52       0.021
      -0.32   -14.96   -34.58       -0.39   -14.97   -34.56       0.067
     -30.48     6.85   -36.73      -30.51     6.88   -36.74       0.039
      14.26    19.47    58.56       14.26    19.47    58.56       0.004
     -25.93    -4.08   -47.36      -25.93    -4.07   -47.39       0.028
      -5.89     0.60    50.24       -6.10     0.52    50.24       0.223
      -8.51    15.81    13.43       -8.52    15.82    13.41       0.027
      20.52   -16.62    -6.49       20.44   -16.45    -6.56       0.199
      36.21    13.14   -10.15       36.27    13.17   -10.17       0.068
      -1.92   -17.88   -36.48       -1.93   -17.88   -36.48       0.009
      30.74     4.58   -27.98       30.76     4.58   -28.01       0.035
      11.21    -6.56    52.47       11.20    -6.51    52.47       0.047
      18.16    14.17    62.37       18.16    14.17    62.37       0.005
      28.18     0.30    21.45       28.20     0.29    21.46       0.013
      25.52    23.64     3.77       25.56    23.71     3.78       0.087
       4.02    -2.56    63.43        4.02    -2.57    63.36       0.067
      -1.03   -16.46   -35.83       -1.08   -16.44   -35.80       0.052
       6.23    -4.37   -23.12        6.24    -4.37   -23.13       0.009
     -13.04    -6.66   -47.73      -13.04    -6.66   -47.73       0.008
       6.49     6.59    63.15        6.49     6.59    63.16       0.004
      10.60    24.79    14.94       10.61    24.90    14.96       0.106
     -22.84   -11.40   -48.77      -22.82   -11.42   -48.81       0.052
      16.78    -4.67    49.20       16.57    -4.44    49.19       0.306
     -11.23    22.72    19.27      -11.19    22.62    19.35       0.134
       3.07    -7.27    56.01        3.07    -7.27    56.01       0.003
     -14.54   -23.72   -43.41      -14.54   -23.74   -43.43       0.028
      -6.36    15.53    43.23       -6.51    15.56    43.28       0.167
     -23.40     6.61   -40.90      -23.41     6.58   -40.86       0.048
      -7.83   -11.35   -45.03       -7.82   -11.35   -45.05       0.023
     -14.13     8.71   -37.00      -14.16     8.66   -36.98       0.064
      25.96   -12.14    -3.86       25.96   -12.14    -3.86       0.003
     -15.28     3.24    -4.47      -15.29     3.25    -4.47       0.014
      16.83    19.36    48.40       16.72    19.24    48.39       0.157
     -20.16    10.96   -34.96      -20.17    10.91   -34.92       0.064
      -2.89   -22.06   -16.94       -2.89   -22.05   -16.94       0.006
     -10.37    24.81    25.06      -10.37    24.80    25.06       0.011
      10.27    -6.72    54.95       10.29    -6.79    54.94       0.074
     -25.47     5.61   -41.15      -25.48     5.64   -41.17       0.035
      37.32    11.32    -8.39       37.33    11.33    -8.39       0.010
      14.07    22.38    33.92       14.06    22.42    33.93       0.040
       0.41   -14.46   -29.52        0.43   -14.46   -29.52       0.014
      12.19     3.02   -19.35       12.20     2.97   -19.27       0.099
      -0.34    23.73    26.21       -0.34    23.81    26.21       0.081
      35.87     6.68   -18.50       35.92     6.69   -18.53       0.056
      -2.33   -23.53   -28.58       -2.43   -23.44   -28.55       0.142
      -5.82   -19.23    -9.63       -5.83   -19.19    -9.66       0.050
      26.12    23.52    -8.04       26.15    23.60    -8.04       0.087
      14.78    27.04    -0.12       14.78    27.02    -0.12       0.025
       5.91   -14.38   -21.28        5.83   -14.30   -21.23       0.117
      28.03   -10.92    -8.79       27.99   -10.89    -8.80       0.053
     -10.49     9.76    32.17      -10.44     9.82    32.14       0.087
      -1.58    22.49    33.87       -1.60    22.38    33.83       0.116
       9.67    13.50   -10.20        9.66    13.51   -10.23       0.039
      -7.11   -23.84   -14.83       -7.11   -23.84   -14.82       0.005
      -6.25   -27.31   -25.10       -6.27   -27.27   -25.10       0.039
      34.83    14.14   -14.49       34.83    14.14   -14.49       0.003
       0.23    -4.77    63.46        0.23    -4.77    63.47       0.016
      12.31   -11.02   -19.73       12.35   -11.10   -19.81       0.114
       4.10    24.23    12.04        4.10    24.24    12.04       0.003
      -6.82     7.67    57.29       -6.88     7.68    57.29       0.059
      31.78    14.79    12.20       31.81    14.80    12.22       0.044
      -8.24    10.91     7.85       -8.17    10.84     7.88       0.106
      -3.74    10.37    -3.60       -3.77    10.44    -3.63       0.083
      19.55    17.44   -30.49       19.53    17.42   -30.46       0.036
      21.04   -13.13   -19.44       21.06   -13.10   -19.44       0.030
      -6.95   -21.68   -11.38       -7.01   -21.55   -11.45       0.158
     -35.81   -22.10   -14.01      -35.84   -22.13   -13.98       0.055
      25.70    -6.77    11.16       25.69    -6.71    11.14       0.072
      16.93    -3.63    56.73       16.82    -3.53    56.72       0.153
