200 PA4-D-Output.txt
       4.64    10.65   -11.34        4.64    10.65   -11.34       0.003
     -33.67   -26.58   -17.16      -33.67   -26.58   -17.16       0.002
       3.96    19.38     0.62        3.96    19.38     0.62       0.002
     -14.56     6.26   -40.59      -14.56     6.26   -40.59       0.002
      16.81   -17.29    -6.21       16.81   -17.28    -6.21       0.011
      39.19     5.12    -9.55       39.18     5.12    -9.55       0.003
      39.65     7.81     0.29       39.66     7.81     0.29       0.010
      20.02   -13.50    -1.82       20.02   -13.50    -1.82       0.002
     -14.30    17.30    33.75      -14.30    17.30    33.75       0.002
     -29.72   -16.96    -7.52      -29.72   -16.97    -7.53       0.004
       4.37    20.27    43.60        4.37    20.27    43.60       0.002
      13.74    -6.59    25.25       13.74    -6.59    25.25       0.007
     -22.06   -32.76   -26.67      -22.06   -32.76   -26.67       0.004
      -3.93   -16.38   -40.14       -3.94   -16.38   -40.14       0.004
      27.66     8.15    25.23       27.67     8.15    25.23       0.003
      10.02    26.25     7.39       10.02    26.25     7.39       0.008
      11.28    -9.14    13.65       11.28    -9.14    13.65       0.004
      19.25   -17.38   -10.02       19.25   -17.38   -10.02       0.005
     -19.73   -20.87   -46.76      -19.72   -20.87   -46.76       0.003
       6.82    -7.50    25.61        6.83    -7.51    25.61       0.014
      36.10    -2.65    -4.28       36.09    -2.64    -4.28       0.009
     -21.47     8.10   -17.05      -21.47     8.10   -17.05       0.004
      29.48    16.16    14.34       29.48    16.16    14.34       0.005
      -8.56    -0.37    24.12       -8.56    -0.37    24.12       0.002
      -3.38    11.81    -0.53       -3.38    11.81    -0.53       0.000
      13.19    23.66    22.55       13.19    23.65    22.55       0.011
      33.60    13.28   -19.46       33.59    13.28   -19.46       0.001
      36.87    -1.17     8.87       36.87    -1.17     8.87       0.004
      -3.46   -11.58     5.54       -3.46   -11.58     5.54       0.003
      -7.83     8.19   -11.11       -7.83     8.18   -11.11       0.008
       0.37    -4.05   -26.95        0.37    -4.05   -26.95       0.000
      16.40    -0.60    62.96       16.40    -0.60    62.96       0.001
     -42.97    -7.31   -19.60      -42.97    -7.31   -19.60       0.000
      17.80    19.23   -30.12       17.79    19.23   -30.12       0.003
      12.81    24.96    -8.94       12.81    24.97    -8.94       0.004
      18.95    -9.66     6.48       18.95    -9.66     6.48       0.000
     -38.41    -0.35   -37.27      -38.41    -0.35   -37.26       0.005
     -18.01    -5.39    -1.22      -18.01    -5.39    -1.22       0.001
       8.41    -9.61   -22.51        8.41    -9.60   -22.51       0.005
     -38.67   -21.13   -34.73      -38.67   -21.13   -34.73       0.004
     -16.19   -22.87   -44.25      -16.19   -22.87   -44.25       0.002
      36.80    13.01    -4.14       36.80    13.02    -4.14       0.004
     -14.97     5.37   -41.71      -14.97     5.36   -41.71       0.003
     -22.85    -9.28    -4.67      -22.85    -9.28    -4.68       0.010
      -4.17    11.88     1.44       -4.17    11.87     1.44       0.009
     -29.70     5.17   -14.37      -29.70     5.17   -14.37       0.000
      19.17    -5.34    26.95       19.18    -5.34    26.95       0.003
     -33.03     2.65   -40.04      -33.02     2.65   -40.04       0.008
     -31.76     4.04   -39.60      -31.76     4.04   -39.60       0.001
      -5.35    23.13    33.61       -5.35    23.13    33.61       0.003
      31.54    14.78    12.62       31.54    14.78    12.61       0.005
      10.77    -6.34    36.71       10.77    -6.33    36.71       0.008
     -41.03   -15.67   -30.82      -41.02   -15.67   -30.82       0.004
       8.66    -6.87    49.42        8.66    -6.88    49.42       0.007
      16.11    24.46   -23.46       16.11    24.46   -23.46       0.001
      -4.52    18.39    42.16       -4.52    18.38    42.16       0.011
      14.84   -13.54   -17.19       14.84   -13.54   -17.19       0.004
       5.60    23.84    21.27        5.60    23.84    21.27       0.001
      -2.62    -5.49   -32.57       -2.61    -5.49   -32.58       0.005
      22.81    25.19     1.63       22.82    25.19     1.63       0.007
      13.68    26.45     8.85       13.68    26.45     8.85       0.004
     -27.41     3.48   -42.50      -27.41     3.48   -42.50       0.004
     -35.04     6.38   -30.98      -35.04     6.37   -30.98       0.002
      -8.08     7.96    -6.25       -8.08     7.96    -6.25       0.001
      -5.12    -3.94    34.14       -5.12    -3.94    34.14       0.002
       8.69   -14.73   -17.16        8.69   -14.73   -17.16       0.002
     -10.66   -26.65   -15.42      -10.66   -26.65   -15.42       0.005
      -0.22    18.53     6.36       -0.22    18.53     6.36       0.005
      30.45    -3.36    14.16       30.45    -3.36    14.16       0.001
      17.09    23.29   -26.84       17.09    23.29   -26.84       0.003
      28.73     7.15    22.41       28.73     7.15    22.41       0.000
      21.27     5.03    58.11       21.27     5.03    58.11       0.000
      -8.68   -26.11   -16.34       -8.68   -26.11   -16.34       0.005
      -1.06     9.60   -11.01       -1.06     9.59   -11.01       0.004
     -14.80   -10.91    -0.97      -14.80   -10.91    -0.96       0.008
      28.02    22.29   -15.81       28.03    22.29   -15.81       0.007
      -5.15    14.29     8.07       -5.15    14.29     8.08       0.007
     -16.60     7.30   -40.25      -16.60     7.30   -40.25       0.005
      30.20    20.68    -5.14       30.20    20.69    -5.14       0.001
       0.31   -19.80   -24.97        0.30   -19.79   -24.97       0.002
     -33.70   -15.33   -45.28      -33.70   -15.33   -45.27       0.002
      10.23   -10.64    10.49       10.23   -10.64    10.49       0.000
       1.23    -6.84    39.76        1.23    -6.85    39.76       0.015
     -29.87   -27.50   -38.10      -29.87   -27.50   -38.10       0.000
      12.53    -6.31    40.22       12.53    -6.31    40.22       0.001
      28.68   -11.01   -19.18       28.67   -11.00   -19.18       0.003
     -23.24   -21.23   -46.00      -23.24   -21.22   -45.99       0.003
     -37.72    -0.51   -38.47      -37.72    -0.51   -38.47       0.001
     -38.05   -19.85   -15.03      -38.05   -19.85   -15.03       0.006
      -6.97     6.86    49.26       -6.96     6.86    49.26       0.003
     -10.49    22.33    33.71      -10.48    22.32    33.71       0.005
     -34.21     5.28   -35.46      -34.21     5.29   -35.46       0.003
     -28.05   -22.79   -44.08      -28.05   -22.79   -44.07       0.004
     -14.46    -0.36   -45.85      -14.47    -0.36   -45.85       0.002
      -7.21     1.37    32.51       -7.20     1.37    32.51       0.008
     -10.18     8.00   -13.14      -10.18     8.00   -13.14       0.001
      18.22    23.99    15.41       18.22    23.99    15.41       0.008
      -9.71    -2.19    17.19       -9.71    -2.19    17.19       0.002
      33.42    16.62     7.17       33.42    16.62     7.17       0.002
       1.17    -6.41   -27.29        1.17    -6.41   -27.29       0.004
     -10.41    -8.32   -46.93      -10.41    -8.32   -46.93       0.005
      10.92    21.84    36.28       10.92    21.83    36.28       0.005
     -16.60   -30.54   -18.46      -16.60   -30.55   -18.46       0.008
     -37.45     0.01   -38.35      -37.44     0.00   -38.35       0.009
      -6.53    -8.18    15.02       -6.54    -8.19    15.02       0.006
      20.80    25.03   -19.75       20.80    25.03   -19.75       0.001
       7.20    20.58    44.75        7.20    20.59    44.75       0.005
      27.82    22.62    -4.32       27.81    22.62    -4.32       0.007
      12.16    17.30   -21.62       12.15    17.30   -21.62       0.006
     -13.53    -6.02   -47.71      -13.53    -6.02   -47.71       0.001
      26.12    -5.93    12.84       26.12    -5.92    12.84       0.007
      19.15    16.44    50.85       19.15    16.44    50.85       0.002
      23.20    23.84     8.39       23.20    23.84     8.39       0.002
       7.29    22.37    31.20        7.29    22.37    31.20       0.002
       6.95    -7.74    23.46        6.95    -7.74    23.46       0.002
      21.06    23.82   -24.13       21.06    23.83   -24.13       0.003
      20.24   -14.31   -17.44       20.24   -14.31   -17.44       0.002
      -4.88    21.88    15.58       -4.87    21.87    15.59       0.014
       5.04    -8.01    24.84        5.04    -8.01    24.84       0.006
      12.71    24.97    15.11       12.71    24.97    15.11       0.004
      19.22    22.79   -26.58       19.22    22.80   -26.59       0.015
      27.79    22.67    -8.44       27.79    22.67    -8.44       0.002
      -1.90   -18.38   -36.08       -1.90   -18.38   -36.08       0.002
     -21.99     8.15   -38.77      -21.99     8.14   -38.77       0.005
      26.94     4.08    27.75       26.94     4.08    27.75       0.006
      35.28    13.55     8.79       35.28    13.55     8.79       0.005
     -11.25    24.40    26.50      -11.25    24.40    26.50       0.007
      16.54    -7.91    13.82       16.54    -7.91    13.82       0.003
      34.95     3.55    12.26       34.95     3.55    12.26       0.000
     -22.76    -4.29    -6.29      -22.76    -4.29    -6.29       0.004
      -2.04     5.80   -21.66       -2.04     5.81   -21.67       0.009
      -4.11    -1.38   -34.52       -4.11    -1.38   -34.52       0.006
      21.38     5.11    57.40       21.37     5.11    57.40       0.005
      11.53    24.87    15.01       11.53    24.88    15.01       0.009
       0.07     7.53   -18.05        0.07     7.53   -18.05       0.002
     -37.78   -10.24   -10.54      -37.78   -10.24   -10.54       0.001
     -26.28     6.51   -15.30      -26.28     6.50   -15.31       0.002
     -43.34    -9.97   -21.21      -43.34    -9.97   -21.21       0.003
      18.03    16.68    56.59       18.02    16.67    56.58       0.012
      21.51    13.56   -30.49       21.51    13.56   -30.49       0.004
       3.32    20.19     2.64        3.32    20.19     2.64       0.001
      -7.40    -0.13    29.74       -7.39    -0.13    29.74       0.008
      -6.56     3.94   -30.90       -6.56     3.93   -30.90       0.001
     -22.10    -0.11   -46.44      -22.10    -0.11   -46.44       0.000
     -12.10    -5.03   -47.02      -12.10    -5.03   -47.03       0.004
     -18.08   -28.60   -39.24      -18.08   -28.60   -39.24       0.000
      -9.36    12.28    12.05       -9.36    12.28    12.05       0.000
      33.76    16.65   -11.89       33.76    16.65   -11.89       0.001
     -14.91    11.29   -27.84      -14.91    11.29   -27.84       0.006
       2.96   -11.78    10.06        2.96   -11.78    10.06       0.001
      18.89   -17.37   -11.76       18.89   -17.37   -11.76       0.001
      17.97     9.70    63.13       17.97     9.70    63.13       0.001
      35.75     5.22   -19.07       35.75     5.22   -19.07       0.001
      13.30    -0.22   -21.45       13.30    -0.22   -21.45       0.000
      18.58    25.83     7.37       18.58    25.84     7.37       0.006
      -6.38   -24.06   -36.84       -6.37   -24.06   -36.84       0.004
      -4.30    17.19    10.28       -4.30    17.19    10.28       0.003
       1.20    -7.01    62.22        1.20    -7.01    62.22       0.005
      34.95    -3.68    -3.59       34.95    -3.67    -3.59       0.003
       4.22    14.36    -5.64        4.22    14.36    -5.64       0.001
      -5.76     8.65   -11.27       -5.76     8.65   -11.27       0.000
       2.48    14.58    -3.14        2.47    14.58    -3.14       0.005
     -24.46   -30.92   -34.96      -24.46   -30.92   -34.96       0.004
      29.30    -0.04    18.89       29.30    -0.04    18.89       0.002
      17.80    24.69   -24.63       17.79    24.70   -24.64       0.016
     -21.85     5.64   -41.64      -21.85     5.63   -41.64       0.005
      39.69     4.51    -8.05       39.70     4.51    -8.05       0.001
      -7.14   -22.32   -12.61       -7.14   -22.32   -12.61       0.002
       0.06    21.25    37.61        0.06    21.23    37.61       0.014
      33.20    14.58    10.70       33.20    14.58    10.70       0.001
      25.63   -13.16    -9.00       25.63   -13.17    -9.00       0.005
      31.71    18.03   -16.43       31.70    18.02   -16.43       0.005
      34.08    -6.46   -15.09       34.07    -6.45   -15.09       0.005
     -33.72     2.19   -13.30      -33.72     2.19   -13.31       0.006
     -13.90   -23.74   -43.32      -13.90   -23.74   -43.32       0.000
      21.27    11.62    54.76       21.26    11.61    54.76       0.010
      -5.32   -11.62     4.35       -5.32   -11.62     4.35       0.001
      -6.61    -6.83    21.08       -6.62    -6.84    21.08       0.010
      -8.02     1.66   -39.45       -8.02     1.66   -39.45       0.002
      38.61     3.50   -12.01       38.61     3.50   -12.00       0.007
     -12.22     0.18   -44.17      -12.22     0.18   -44.17       0.002
      -6.30     9.64    55.95       -6.30     9.64    55.95       0.005
      -8.80     5.59    28.57       -8.81     5.59    28.57       0.006
      32.39    12.90    12.75       32.39    12.90    12.75       0.005
       3.06     5.38    63.50        3.06     5.38    63.50       0.002
       7.41   -16.19   -11.02        7.41   -16.19   -11.02       0.005
      34.64    -2.57    10.83       34.64    -2.56    10.82       0.006
      -4.21    11.03    -1.16       -4.21    11.03    -1.16       0.000
      -6.17    -0.49    38.38       -6.17    -0.49    38.38       0.004
       6.87     0.84    63.37        6.87     0.84    63.37       0.001
      -2.24    10.05    -7.46       -2.25    10.05    -7.46       0.002
       8.79    -9.43    14.68        8.79    -9.43    14.68       0.004
      -5.62    17.73    11.92       -5.61    17.73    11.92       0.009
     -20.30   -12.47   -49.38      -20.30   -12.47   -49.39       0.006
      14.49    12.84    63.13       14.49    12.84    63.13       0.004
     -10.53     2.81   -41.12      -10.53     2.81   -41.12       0.000
      -2.43    18.61    44.50       -2.42    18.60    44.50       0.013
      17.63    22.67    24.86       17.63    22.68    24.86       0.002
      28.82    21.18     7.90       28.82    21.18     7.90       0.001
      -7.12   -14.80    -2.73       -7.12   -14.80    -2.73       0.001
