200 PA4-J-Output.txt
       3.10    23.84    11.19        3.14    23.77    11.21       0.091
       8.91    20.80    52.54        8.85    20.98    52.56       0.191
      -1.37   -11.03    11.50       -1.35   -10.92    11.49       0.111
      -2.70   -22.82   -19.86       -2.62   -22.91   -19.83       0.117
      -4.67    13.52    53.33       -4.63    13.49    53.33       0.049
      32.07    -6.74     6.57       32.06    -6.72     6.56       0.026
     -39.84   -21.98   -24.04      -39.92   -22.03   -24.02       0.098
      15.91    -6.61    23.01       15.90    -6.53    23.01       0.079
      -3.16    19.53    40.93       -3.18    19.69    41.01       0.180
      -6.16     2.63    60.71       -6.28     2.61    60.74       0.124
      -5.12    12.65     5.99       -5.22    12.78     5.93       0.167
     -10.89     0.42   -43.18      -10.89     0.42   -43.19       0.014
      15.33   -11.65   -19.01       15.33   -11.63   -18.99       0.026
      24.75    -2.61    25.32       24.65    -2.50    25.29       0.153
      30.14     0.13    18.01       30.05     0.16    17.95       0.108
     -21.62    -8.54   -48.90      -21.62    -8.53   -48.92       0.029
      -0.40   -18.75   -31.72       -0.45   -18.74   -31.71       0.044
      28.31     6.95    23.33       28.40     6.96    23.36       0.095
      -1.14   -21.51   -28.00       -1.10   -21.52   -28.00       0.036
     -28.72   -30.03   -18.69      -28.69   -29.91   -18.74       0.132
     -27.67   -23.51    -9.21      -27.69   -23.53    -9.17       0.056
     -13.89   -26.10   -12.18      -13.89   -26.13   -12.16       0.036
     -10.22   -25.02   -13.37      -10.24   -24.98   -13.40       0.055
     -16.67     5.74   -41.81      -16.68     5.81   -41.90       0.118
     -31.00     5.91   -38.37      -30.96     5.83   -38.33       0.105
     -12.21   -20.99    -9.60      -12.16   -21.03    -9.54       0.089
      11.48    -6.73    26.90       11.47    -6.65    26.90       0.077
      -4.72   -20.41   -11.49       -4.71   -20.42   -11.49       0.013
     -38.90    -8.36   -11.99      -38.90    -8.36   -11.99       0.006
     -23.61    11.72   -21.42      -23.61    11.72   -21.42       0.007
     -11.22    13.37    35.55      -11.19    13.39    35.53       0.041
     -10.68     8.78   -28.39      -10.71     8.71   -28.38       0.073
      19.86    14.16    58.27       19.84    14.15    58.27       0.020
      -5.55    -3.30    35.97       -5.56    -3.30    35.97       0.003
      22.49     3.97    47.87       22.47     3.97    47.87       0.025
     -24.14    -3.29   -47.44      -24.16    -3.29   -47.49       0.045
       5.05   -12.68   -22.86        5.02   -12.67   -22.84       0.041
      -3.73    -3.33   -35.73       -3.57    -3.29   -35.73       0.162
     -22.47    11.66   -20.15      -22.47    11.62   -20.17       0.043
      -8.96     8.30    32.31       -8.95     8.31    32.31       0.009
       7.05    -6.30    63.34        7.05    -6.29    63.32       0.017
     -39.18     3.31   -26.79      -39.06     3.22   -26.78       0.156
      33.14     7.30    13.94       33.15     7.30    13.95       0.016
       9.86    25.63    11.30        9.86    25.68    11.31       0.046
      23.87     1.23   -28.55       23.89     1.25   -28.52       0.042
     -15.16   -12.74    -2.81      -15.16   -12.74    -2.82       0.006
     -39.79   -14.81   -14.43      -39.79   -14.81   -14.43       0.002
       7.63    -6.97    55.54        7.65    -7.19    55.53       0.220
      28.47    -9.53     0.73       28.52    -9.63     0.77       0.115
       0.48   -19.59   -24.93        0.42   -19.56   -24.92       0.069
      14.71    22.89    26.82       14.72    22.96    26.83       0.073
      -2.03    -5.69    61.57       -1.98    -5.61    61.57       0.096
      -3.63   -23.16   -33.88       -3.65   -23.13   -33.86       0.042
      13.80    -5.63    56.43       13.75    -5.55    56.42       0.097
     -31.46     9.31   -22.83      -31.44     9.29   -22.84       0.026
       7.35   -12.49     6.22        7.34   -12.53     6.22       0.049
     -12.46    -0.57    11.37      -12.36    -0.55    11.34       0.109
     -39.92   -10.94   -33.56      -39.91   -10.93   -33.56       0.017
       3.61    22.13    31.76        3.62    22.26    31.79       0.139
      22.57    -8.36     6.77       22.58    -8.42     6.79       0.057
     -15.57    13.63    22.42      -15.68    13.59    22.43       0.108
      12.89    -5.49    62.02       12.93    -5.55    62.08       0.095
     -39.20   -22.54   -20.76      -39.15   -22.50   -20.76       0.070
     -21.82   -29.67   -15.27      -21.82   -29.75   -15.22       0.096
       1.94    17.23     1.58        2.07    17.13     1.65       0.173
     -20.92   -11.26   -49.49      -20.91   -11.27   -49.54       0.053
     -30.42   -27.58   -15.63      -30.44   -27.60   -15.62       0.028
     -10.31   -21.55    -9.87      -10.31   -21.50    -9.93       0.082
      17.47    25.33   -15.35       17.46    25.40   -15.36       0.071
      16.78    -3.37    58.80       16.79    -3.38    58.80       0.022
      14.76    16.50    62.92       14.76    16.50    62.91       0.007
     -24.22   -10.88    -5.61      -24.20   -10.88    -5.64       0.035
     -40.42     1.07   -23.38      -40.40     1.06   -23.39       0.028
       6.22    21.82    -1.17        6.19    21.83    -1.19       0.042
      33.55    17.32     5.39       33.51    17.29     5.39       0.054
      28.33    -0.82    20.33       28.28    -0.80    20.31       0.058
       8.77     6.78   -15.65        8.77     6.76   -15.62       0.037
     -21.92    -5.01    -5.33      -21.96    -4.98    -5.28       0.070
     -20.56   -29.29   -14.43      -20.56   -29.36   -14.39       0.078
     -13.79   -31.42   -28.89      -13.82   -31.34   -28.88       0.090
     -43.37    -4.70   -22.52      -43.29    -4.74   -22.53       0.092
      -7.24    -9.92     6.44       -7.31   -10.05     6.48       0.147
      14.75    21.42    45.27       14.80    21.54    45.27       0.132
      38.11     4.42   -12.56       38.17     4.43   -12.60       0.070
      13.11    23.87   -11.76       13.10    23.90   -11.77       0.034
       5.55    24.09    20.67        5.55    23.93    20.64       0.169
      -4.16    15.51     8.20       -4.09    15.42     8.28       0.142
      28.51    10.44   -29.09       28.54    10.47   -29.12       0.055
     -22.24   -25.40   -42.92      -22.22   -25.34   -42.85       0.094
      11.07    19.77   -13.66       11.15    19.73   -13.63       0.087
     -16.29     2.30    -3.39      -16.30     2.31    -3.39       0.022
      30.23    19.98   -18.14       30.17    19.94   -18.12       0.073
     -43.27   -13.10   -22.84      -43.37   -13.12   -22.82       0.103
     -14.48   -27.97   -38.88      -14.48   -27.97   -38.88       0.002
       7.75    19.95    54.92        7.64    20.28    54.96       0.348
       2.42    -7.25    56.47        2.42    -7.21    56.47       0.041
      -3.97   -21.75   -36.13       -4.00   -21.72   -36.10       0.054
      18.76    20.80    34.02       18.75    20.79    34.02       0.013
      27.13    11.91    24.09       27.11    11.91    24.08       0.021
     -15.59   -24.83   -10.89      -15.59   -24.83   -10.89       0.002
      21.61    12.27    50.42       21.64    12.28    50.42       0.038
     -43.32    -9.71   -28.40      -43.26    -9.69   -28.36       0.074
      30.93     2.66   -27.37       30.94     2.66   -27.38       0.018
      12.82    -6.10    49.91       12.82    -6.09    49.91       0.009
      19.54    21.79   -27.74       19.51    21.77   -27.68       0.068
      11.45    21.23   -12.59       11.40    21.25   -12.61       0.057
       2.40    -5.29   -25.77        2.40    -5.29   -25.77       0.008
      27.94    17.33   -24.28       27.93    17.33   -24.28       0.005
      16.15    18.01    59.61       16.11    17.95    59.61       0.067
     -26.49   -18.77    -7.10      -26.50   -18.77    -7.05       0.057
      23.55     7.63    45.17       23.39     7.63    45.15       0.161
     -25.09    -2.73   -47.22      -25.08    -2.73   -47.20       0.026
      -7.07   -23.29   -13.98       -7.09   -23.25   -14.01       0.053
      25.79   -12.52    -5.31       25.83   -12.61    -5.29       0.098
      34.53     1.29   -22.09       34.46     1.29   -22.05       0.085
      24.79    24.10   -15.18       24.78    24.08   -15.18       0.026
      28.85    10.65   -28.80       28.83    10.64   -28.78       0.030
     -37.34     5.10   -25.14      -37.32     5.08   -25.14       0.029
      -6.74     3.57    54.29       -6.77     3.57    54.29       0.027
      -6.95     5.02    54.75       -6.97     5.01    54.75       0.028
      16.34    25.76   -11.61       16.37    25.66   -11.60       0.110
     -31.74    -9.04   -46.89      -31.75    -9.05   -46.92       0.036
     -15.66     3.71    -7.07      -15.73     3.80    -7.04       0.113
      28.00    22.55     0.72       27.96    22.49     0.71       0.066
      11.73     0.11   -21.11       11.73     0.12   -21.12       0.011
     -34.95     3.17   -14.86      -34.88     3.06   -14.96       0.164
      -1.47   -10.31    15.78       -1.47   -10.34    15.79       0.035
     -33.95   -13.50   -45.88      -33.97   -13.51   -45.91       0.035
      18.30    -6.37   -23.17       18.31    -6.37   -23.15       0.025
     -22.43   -27.18   -11.74      -22.43   -27.17   -11.74       0.012
     -40.25   -14.45   -14.88      -40.19   -14.44   -14.92       0.068
     -37.74   -11.86   -42.24      -37.82   -11.85   -42.29       0.087
     -21.54     8.54   -38.38      -21.54     8.42   -38.32       0.133
     -15.66     9.62   -36.14      -15.63     9.68   -36.16       0.071
     -21.53    -3.36   -47.39      -21.54    -3.35   -47.43       0.047
     -25.83   -26.19   -10.99      -25.83   -26.20   -10.98       0.012
      -9.11    17.09    39.12       -9.08    17.10    39.08       0.046
      34.59    -5.84   -14.09       34.53    -5.80   -14.09       0.077
      -5.41    12.02    59.87       -5.27    11.92    59.85       0.177
      -7.59    -6.55    17.65       -7.54    -6.51    17.63       0.070
     -29.51   -13.04    -6.04      -29.51   -13.04    -6.06       0.027
      31.00    18.46    10.12       30.92    18.37    10.04       0.150
       9.43    20.45    -9.41        9.45    20.44    -9.39       0.027
      21.76   -12.52    -1.56       21.69   -12.41    -1.63       0.139
     -25.98   -28.94   -14.95      -25.99   -29.00   -14.92       0.063
     -18.40    -7.77    -2.39      -18.41    -7.78    -2.37       0.026
      35.05     3.77    12.12       35.07     3.78    12.13       0.025
       3.17    18.57    60.86        3.22    18.46    60.86       0.122
      13.99    -0.05    63.00       13.99    -0.05    63.00       0.002
      -9.91   -29.73   -25.26       -9.93   -29.67   -25.26       0.056
     -23.80   -12.41   -48.77      -23.79   -12.41   -48.75       0.021
      -4.02   -23.04   -16.77       -4.06   -22.96   -16.80       0.095
     -12.86   -23.50   -10.75      -12.79   -23.58   -10.68       0.132
     -23.35   -25.22    -9.96      -23.35   -25.21    -9.97       0.017
      33.80    14.57     9.94       33.72    14.52     9.89       0.103
      -9.07   -20.55   -43.26       -9.08   -20.54   -43.24       0.027
     -20.15    -3.60    -3.87      -20.16    -3.60    -3.87       0.005
      18.25    -7.91    13.23       18.22    -7.75    13.18       0.179
      10.31    21.74    40.94       10.32    21.71    40.93       0.034
      22.42    25.50     0.45       22.41    25.46     0.44       0.047
      24.06   -13.98    -6.47       23.97   -13.85    -6.50       0.162
     -43.23   -14.00   -22.88      -43.22   -14.00   -22.88       0.008
      20.35    -1.92    43.69       20.44    -2.01    43.71       0.135
      16.53     9.93   -23.73       16.49     9.92   -23.74       0.044
     -32.35   -22.75   -10.89      -32.29   -22.67   -10.96       0.120
      33.37    16.89     6.57       33.42    16.93     6.60       0.070
      -5.49    23.47    33.20       -5.51    23.40    33.16       0.080
     -11.23    21.38    34.17      -11.27    21.44    34.21       0.083
      17.10     7.52    63.13       17.10     7.52    63.13       0.006
       7.28    12.04    63.20        7.28    12.05    63.22       0.020
      29.31   -10.01    -5.01       29.31   -10.02    -5.01       0.007
      10.43    -3.44    63.36       10.43    -3.44    63.35       0.011
      32.54    16.93   -16.31       32.53    16.92   -16.30       0.015
     -29.40   -29.78   -18.87      -29.40   -29.76   -18.88       0.022
     -39.44     2.38   -29.49      -39.48     2.41   -29.49       0.046
      -2.86     8.88   -13.50       -2.86     8.89   -13.51       0.009
     -12.48     5.16     1.33      -12.54     5.23     1.34       0.095
       3.44    22.71     8.10        3.38    22.79     8.08       0.101
      36.64     1.47   -16.37       36.66     1.47   -16.38       0.015
      -9.94    25.03    25.15       -9.91    24.92    25.15       0.113
       3.13   -18.00   -13.61        3.15   -18.03   -13.61       0.040
      15.75    -5.97    28.70       15.77    -6.12    28.71       0.153
     -42.69   -17.05   -25.96      -42.65   -17.03   -25.96       0.046
      30.07    20.08     7.95       30.17    20.18     7.96       0.140
     -11.79     7.94   -35.57      -11.77     7.97   -35.58       0.034
      21.58    -7.51    10.93       21.59    -7.56    10.94       0.044
     -15.39    14.88    31.12      -15.34    14.89    31.09       0.061
       3.85    21.24     2.65        3.87    21.22     2.66       0.027
      28.49   -11.91   -14.66       28.53   -11.98   -14.65       0.079
      19.22    24.73    10.95       19.20    24.67    10.93       0.055
     -27.42   -29.37   -36.37      -27.42   -29.39   -36.38       0.029
      -1.24    23.35    30.41       -1.24    23.37    30.42       0.016
     -11.84   -18.22   -45.35      -11.86   -18.21   -45.32       0.035
      21.19     4.91    58.73       21.18     4.92    58.73       0.013
     -38.85    -1.94   -37.69      -38.93    -1.92   -37.73       0.096
      -0.36   -14.58   -34.55       -0.42   -14.59   -34.54       0.055
      15.12    19.44    54.72       15.14    19.46    54.73       0.027
     -20.31    -9.91   -49.15      -20.32    -9.90   -49.18       0.030
      39.34     2.52     3.96       39.42     2.50     3.97       0.085
       1.41    -4.02    63.46        1.41    -4.02    63.45       0.009
