200 PA4-C-Output.txt
       3.14    -7.02    52.60        3.14    -7.02    52.60       0.003
      30.05    12.94    16.46       30.05    12.94    16.46       0.001
     -33.86   -23.66   -13.48      -33.86   -23.66   -13.48       0.001
       2.23   -12.95     1.39        2.23   -12.96     1.39       0.004
      -9.40     1.90    22.72       -9.40     1.90    22.72       0.000
       7.84    21.65    -5.44        7.83    21.65    -5.44       0.002
      -6.26    24.40    30.96       -6.26    24.39    30.96       0.006
      -7.05     7.53   -21.57       -7.05     7.54   -21.57       0.006
      38.15    -0.50    -4.97       38.14    -0.50    -4.97       0.004
      -5.21    -8.19   -42.35       -5.21    -8.19   -42.35       0.002
      -0.16    -6.31    57.69       -0.16    -6.31    57.69       0.001
      11.75    -5.02    63.32       11.75    -5.02    63.32       0.000
     -23.82    10.27   -35.05      -23.82    10.27   -35.05       0.001
       2.25     0.50    63.44        2.26     0.50    63.45       0.001
       7.08     2.09   -20.17        7.08     2.09   -20.17       0.001
     -10.31    -0.99    16.04      -10.31    -0.99    16.04       0.005
     -40.90   -15.62   -30.97      -40.90   -15.62   -30.97       0.005
     -38.39   -23.03   -19.60      -38.39   -23.03   -19.60       0.001
     -40.74    -2.28   -17.47      -40.74    -2.28   -17.47       0.002
     -42.43   -14.06   -19.75      -42.43   -14.06   -19.75       0.003
      -3.53    10.75    -3.12       -3.53    10.75    -3.12       0.004
      25.88    11.69    28.55       25.88    11.69    28.55       0.001
     -22.08     7.12   -15.97      -22.08     7.12   -15.98       0.002
      -6.52     1.92    48.42       -6.52     1.92    48.42       0.000
      -0.17   -18.67   -11.00       -0.17   -18.67   -11.00       0.003
     -11.59     4.05   -40.81      -11.59     4.05   -40.81       0.000
       9.84    -5.35    63.38        9.84    -5.35    63.38       0.002
     -40.06   -12.02   -32.21      -40.06   -12.02   -32.21       0.003
       4.48    -9.29    18.69        4.48    -9.29    18.68       0.003
      22.80    14.47    36.33       22.80    14.47    36.33       0.004
      14.50    23.58   -22.54       14.50    23.58   -22.54       0.002
      12.39   -10.74     8.82       12.40   -10.74     8.82       0.002
      38.33     3.02     8.38       38.34     3.02     8.38       0.004
     -27.94   -26.19   -40.90      -27.94   -26.18   -40.90       0.001
      -0.03    19.96    42.78       -0.03    19.96    42.78       0.003
      22.44    12.94    43.72       22.45    12.95    43.72       0.002
     -14.90    12.36    23.08      -14.90    12.35    23.08       0.005
     -29.21   -14.60    -6.62      -29.21   -14.60    -6.61       0.000
       7.20    -8.11   -23.04        7.20    -8.11   -23.04       0.003
     -32.48   -13.22    -7.09      -32.48   -13.22    -7.09       0.001
      32.05     1.29    15.61       32.05     1.29    15.61       0.001
      18.10    -1.67    60.33       18.10    -1.67    60.33       0.003
      18.30    -3.64   -23.02       18.30    -3.64   -23.02       0.001
       8.48    17.86    -8.82        8.48    17.86    -8.82       0.002
      -6.45     9.49    59.83       -6.45     9.49    59.83       0.002
      -7.75   -26.10   -17.52       -7.75   -26.10   -17.52       0.001
     -17.83    -0.09    -3.26      -17.83    -0.09    -3.26       0.002
     -34.56    -1.21   -42.42      -34.56    -1.21   -42.42       0.001
       0.28    23.84    18.72        0.28    23.84    18.72       0.005
     -12.68   -21.73    -9.47      -12.68   -21.73    -9.47       0.001
      10.72    -6.68    53.08       10.72    -6.68    53.08       0.000
      -6.99     7.21    59.17       -7.00     7.21    59.17       0.003
      -3.50    11.29    -1.77       -3.50    11.29    -1.77       0.003
     -23.71   -16.05    -6.12      -23.71   -16.05    -6.12       0.002
     -31.95     6.68   -35.39      -31.95     6.68   -35.39       0.000
     -34.29   -10.36   -45.84      -34.29   -10.36   -45.84       0.004
     -39.34   -13.76   -39.44      -39.34   -13.76   -39.44       0.000
       5.07    21.29     0.28        5.07    21.29     0.28       0.004
     -22.00     6.51   -40.81      -22.00     6.51   -40.81       0.001
      12.00    20.28   -19.20       12.00    20.28   -19.20       0.004
     -16.90     6.13   -13.18      -16.90     6.13   -13.17       0.003
      30.43    20.66    -9.18       30.44    20.67    -9.18       0.005
     -36.01   -21.03   -12.88      -36.01   -21.03   -12.88       0.001
      -7.48   -20.23    -9.85       -7.48   -20.23    -9.85       0.001
      -4.95   -11.13   -42.24       -4.95   -11.13   -42.24       0.002
      -6.31    -9.69     9.50       -6.31    -9.70     9.50       0.004
      17.34    26.75     3.55       17.34    26.76     3.55       0.005
      -6.68     1.48    36.89       -6.68     1.48    36.89       0.002
     -11.93   -30.63   -25.36      -11.93   -30.63   -25.36       0.002
      -1.49    -6.85   -31.11       -1.49    -6.85   -31.11       0.000
      21.45    12.47    51.21       21.45    12.47    51.21       0.002
       1.26    14.05    -2.24        1.25    14.05    -2.24       0.004
     -40.07     1.50   -22.96      -40.07     1.50   -22.96       0.002
       6.60    16.84    -6.00        6.60    16.84    -6.00       0.002
      33.20     6.03    14.30       33.21     6.03    14.30       0.006
      18.31     3.19    63.00       18.31     3.19    63.00       0.001
       3.20    18.22    62.01        3.20    18.22    62.01       0.000
      22.71     1.98    43.92       22.71     1.98    43.91       0.001
       7.02    -7.63    23.92        7.02    -7.63    23.92       0.002
     -10.22    15.76    14.75      -10.22    15.76    14.75       0.003
     -41.74    -9.20   -31.17      -41.73    -9.20   -31.17       0.001
     -13.85    19.27    18.91      -13.85    19.27    18.91       0.002
     -15.33    20.84    23.91      -15.33    20.84    23.91       0.001
      -6.13     0.52    57.61       -6.13     0.52    57.61       0.000
     -43.53   -13.39   -23.78      -43.52   -13.39   -23.78       0.004
      11.07     0.40   -20.87       11.07     0.40   -20.88       0.003
       8.17   -13.39   -19.58        8.17   -13.39   -19.58       0.002
      34.75     1.17    12.36       34.75     1.17    12.36       0.001
     -24.06   -15.16    -6.10      -24.06   -15.16    -6.09       0.002
     -30.64   -29.59   -19.58      -30.64   -29.59   -19.57       0.005
      -6.32     9.91    60.00       -6.32     9.91    60.00       0.001
      16.73    -3.39    59.57       16.73    -3.38    59.57       0.001
     -14.69   -23.73    -9.99      -14.69   -23.72    -9.99       0.004
      38.24    11.24    -3.06       38.24    11.25    -3.06       0.004
     -22.56    12.24   -26.47      -22.56    12.24   -26.47       0.001
      -2.93    -4.71    55.39       -2.94    -4.71    55.39       0.003
     -10.25   -24.40   -12.63      -10.24   -24.40   -12.63       0.003
      -5.33    21.79    15.67       -5.33    21.79    15.67       0.002
     -25.74    10.06   -34.10      -25.75    10.06   -34.10       0.002
      16.68     8.35   -23.34       16.68     8.35   -23.34       0.000
     -18.13     5.72   -13.28      -18.13     5.72   -13.28       0.000
      23.29    12.71    38.97       23.29    12.71    38.97       0.001
     -35.07    -4.47   -10.62      -35.07    -4.47   -10.63       0.001
      27.90    -4.23    15.08       27.90    -4.23    15.08       0.001
      18.40    25.40   -18.94       18.40    25.40   -18.94       0.006
     -34.81   -24.86   -16.22      -34.81   -24.86   -16.22       0.002
     -37.50     1.59   -16.82      -37.50     1.59   -16.81       0.003
     -30.32   -20.23    -8.19      -30.32   -20.23    -8.19       0.001
       1.81     0.60   -23.68        1.81     0.60   -23.69       0.001
      -6.77     4.25    44.92       -6.77     4.25    44.92       0.002
       8.33    19.29    60.75        8.33    19.29    60.75       0.002
      33.89    -6.75   -13.77       33.89    -6.75   -13.77       0.000
       8.84    23.81    22.59        8.84    23.81    22.59       0.000
     -26.86   -31.64   -21.44      -26.86   -31.64   -21.44       0.001
      -8.22   -20.64    -9.81       -8.22   -20.64    -9.81       0.001
     -21.70   -10.67   -49.49      -21.70   -10.67   -49.49       0.001
     -27.17   -30.57   -18.09      -27.17   -30.57   -18.09       0.004
     -11.42   -25.15   -40.75      -11.42   -25.15   -40.75       0.001
      -8.94     7.94    31.65       -8.94     7.94    31.65       0.002
       4.88   -12.28     7.66        4.88   -12.28     7.66       0.001
       7.31    21.26    40.05        7.31    21.26    40.05       0.004
      35.41    -4.56   -11.03       35.41    -4.56   -11.03       0.001
      19.15   -16.64   -13.87       19.15   -16.64   -13.87       0.002
      23.18    13.16    38.30       23.18    13.16    38.30       0.003
      21.51    12.58    50.59       21.50    12.58    50.59       0.004
      11.67    -6.86    24.99       11.67    -6.86    24.99       0.002
      19.90   -11.28     2.04       19.90   -11.28     2.04       0.001
      35.98     7.75    10.23       35.98     7.75    10.23       0.002
     -36.42   -25.86   -30.68      -36.42   -25.87   -30.68       0.001
     -35.97     2.70   -15.41      -35.97     2.70   -15.41       0.003
     -27.97     8.75   -17.85      -27.97     8.75   -17.85       0.001
      -6.42    11.55    45.96       -6.42    11.55    45.96       0.003
       6.12    20.03    -3.63        6.13    20.03    -3.63       0.001
      22.35    -9.01   -23.77       22.35    -9.01   -23.77       0.001
      20.73    11.14    60.71       20.73    11.14    60.71       0.000
     -39.73   -12.21   -34.93      -39.73   -12.21   -34.93       0.005
      22.50    -0.59    37.78       22.50    -0.59    37.78       0.003
     -18.77   -11.05   -49.17      -18.77   -11.05   -49.17       0.000
      -9.49     1.05    21.42       -9.48     1.05    21.42       0.001
     -36.68   -20.85   -38.82      -36.68   -20.85   -38.82       0.002
      23.83    19.08    21.97       23.83    19.08    21.97       0.002
     -19.48   -32.24   -22.76      -19.48   -32.24   -22.76       0.002
      18.32    23.99    15.28       18.32    23.99    15.28       0.001
      30.33    16.65    12.56       30.33    16.65    12.57       0.002
      21.41    -0.49    44.73       21.41    -0.49    44.73       0.002
      16.60    -6.19    25.62       16.60    -6.19    25.62       0.000
       6.54    -6.86    38.28        6.54    -6.87    38.28       0.001
       0.72   -18.90   -13.48        0.72   -18.89   -13.48       0.006
      25.96    -7.60     8.11       25.96    -7.60     8.11       0.006
      24.40    24.67    -0.30       24.40    24.67    -0.30       0.001
      -6.03    -8.00    17.45       -6.04    -8.00    17.46       0.002
     -26.52   -23.03   -44.20      -26.52   -23.03   -44.20       0.001
      10.90     5.44    62.92       10.90     5.44    62.92       0.003
      11.93    20.54   -15.33       11.93    20.54   -15.33       0.000
      22.21    14.75    39.02       22.21    14.75    39.02       0.002
      31.03    14.40    13.56       31.04    14.40    13.56       0.000
     -17.47     1.21   -45.57      -17.47     1.21   -45.57       0.004
      12.01    17.68   -27.55       12.01    17.68   -27.55       0.000
      12.84    16.43   -29.01       12.85    16.43   -29.01       0.001
     -33.40   -24.47   -14.06      -33.40   -24.47   -14.05       0.003
      10.08    25.49    12.12       10.08    25.49    12.12       0.003
      24.91    13.03   -29.71       24.91    13.04   -29.72       0.003
      17.24    -5.77    27.91       17.24    -5.77    27.91       0.003
      21.21    -5.77    20.56       21.21    -5.77    20.56       0.004
      -2.24    16.10     6.50       -2.25    16.10     6.49       0.006
      23.54     8.29   -30.37       23.54     8.29   -30.36       0.001
      34.74    -3.89    -2.06       34.74    -3.89    -2.06       0.000
      -2.57    18.26    45.18       -2.57    18.26    45.18       0.001
     -33.24    -6.42   -45.33      -33.23    -6.42   -45.32       0.004
      -8.93   -28.33   -31.67       -8.93   -28.33   -31.67       0.003
      13.89     4.32    63.07       13.89     4.32    63.07       0.002
      22.64   -15.79    -9.78       22.64   -15.79    -9.78       0.001
      14.92    11.12   -17.18       14.92    11.12   -17.18       0.002
      25.51   -10.83    -0.85       25.50   -10.82    -0.85       0.008
      -7.69     7.39    36.77       -7.69     7.39    36.77       0.002
      10.77    23.88    -7.23       10.76    23.89    -7.23       0.003
       8.00    21.66    -5.72        8.00    21.66    -5.72       0.002
      30.63    -8.70    -1.36       30.63    -8.70    -1.36       0.001
     -12.01     5.47     7.61      -12.01     5.47     7.61       0.002
      23.12     2.11    41.98       23.12     2.11    41.98       0.002
      21.17    24.87   -19.99       21.17    24.86   -19.99       0.003
      26.38    -2.31    22.05       26.38    -2.30    22.04       0.003
      -5.68    11.03    56.80       -5.68    11.03    56.80       0.006
       3.73     0.91   -22.44        3.73     0.91   -22.44       0.004
     -29.56     7.26   -15.88      -29.56     7.26   -15.88       0.000
      15.45   -17.69    -8.15       15.45   -17.69    -8.15       0.002
      -3.73    -3.98    50.59       -3.73    -3.99    50.59       0.008
      13.24    23.66    22.52       13.24    23.65    22.52       0.003
     -34.51     1.74   -13.13      -34.52     1.74   -13.13       0.003
      18.17   -11.65     3.18       18.17   -11.65     3.18       0.002
     -22.56    11.28   -32.68      -22.56    11.28   -32.68       0.001
      29.39    20.98   -17.52       29.39    20.98   -17.52       0.003
      -5.21     4.94   -26.28       -5.22     4.94   -26.28       0.003
      18.38    -6.47    19.62       18.38    -6.48    19.62       0.006
      11.65    -7.17    22.35       11.65    -7.17    22.35       0.003
     -25.33     6.08   -40.80      -25.33     6.08   -40.80       0.002
      10.50    14.54   -10.61       10.50    14.54   -10.60       0.002
       7.38    11.64    63.25        7.38    11.64    63.25       0.004
     -24.37     3.19   -43.80      -24.37     3.19   -43.80       0.004
     -35.87     3.37   -15.96      -35.86     3.36   -15.96       0.006
