400 pa5-F-Output.txt 6
     74.2664 -82.3316 -99.8412  61.3151 -49.7688  81.7338
       13.34   -18.18   -18.28           13.36   -18.12   -18.26     0.064
       -9.19     1.59    42.68           -9.22     1.59    42.69     0.033
        7.60    22.77   -14.85            7.66    22.69   -14.81     0.104
       35.32    17.02    -3.66           34.96    16.73    -3.64     0.469
      -20.13   -28.18   -34.31          -20.05   -27.80   -34.16     0.416
      -11.05     9.75    36.96          -10.79     9.90    36.83     0.320
      -18.33    11.91   -29.14          -18.30    12.04   -29.17     0.139
      -34.10   -16.58    -8.02          -34.22   -16.79    -7.96     0.243
      -10.32    11.92   -26.18          -10.36    11.76   -26.14     0.174
      -14.96   -30.59   -31.43          -14.89   -30.33   -31.16     0.384
       27.59    -6.80    14.37           27.38    -6.37    14.23     0.492
       29.44    -4.22    16.17           29.93    -4.89    16.62     0.954
      -36.32   -19.29   -32.50          -36.35   -19.40   -32.58     0.136
       35.17    11.80    10.81           35.03    11.74    10.71     0.182
      -34.00   -15.80    -6.89          -34.17   -15.77    -6.79     0.200
      -37.37     1.21   -24.28          -37.72     1.59   -24.45     0.543
       41.58     8.54    -0.69           42.11     8.80    -0.55     0.611
       29.24     5.48   -33.84           29.35     5.47   -33.90     0.119
      -20.19   -30.08   -13.61          -20.16   -30.76   -13.35     0.737
       37.67     9.78   -16.00           37.79     9.85   -16.02     0.144
      -15.14     4.44    11.66          -15.38     4.42    11.67     0.241
       37.93     2.71   -15.98           37.78     2.66   -15.91     0.169
       10.44    13.45   -22.01           10.01    13.10   -21.93     0.563
        6.14    22.50    28.26            6.11    22.14    28.28     0.365
        1.65    11.19   -15.52            1.82    10.51   -14.93     0.911
      -25.34   -30.55   -21.41          -25.47   -30.72   -21.46     0.219
       28.38    -0.16   -34.40           28.29    -0.11   -34.22     0.212
       -9.42    -8.81    11.09           -9.27    -8.60    11.06     0.265
        7.04    22.04    27.29            7.03    22.01    27.29     0.025
      -18.07    23.92    22.87          -17.95    23.90    22.97     0.166
       28.61    21.55     4.11           28.44    20.94     4.13     0.630
      -18.25    20.27    21.04          -18.14    20.27    21.10     0.125
      -30.04    -3.64   -38.74          -30.36    -3.47   -39.03     0.466
      -27.96   -19.04   -40.05          -28.06   -19.11   -40.19     0.182
       -1.64     4.56   -25.23           -2.09     4.22   -24.90     0.653
      -17.33    -4.54     3.00          -17.45    -4.54     3.04     0.133
      -20.15     9.81   -33.83          -20.18     9.91   -33.92     0.138
       34.82    17.69     6.77           35.12    17.99     6.88     0.437
      -30.07     2.15   -12.77          -30.08     2.25   -12.73     0.108
       40.05     9.98     5.84           39.94     9.91     5.82     0.137
      -32.15   -25.98   -24.12          -32.13   -25.94   -24.11     0.055
        6.24   -13.31   -22.07            6.38   -13.15   -22.01     0.220
      -22.04    12.27   -25.46          -22.09    12.78   -25.32     0.529
       -8.81    15.33    57.06           -8.61    15.17    56.95     0.284
       13.20     0.99   -24.00           13.15     1.05   -24.16     0.175
        1.07   -16.83   -10.87            0.57   -16.10   -11.18     0.939
      -12.37    -9.26     4.52          -12.40    -9.52     4.58     0.264
       26.54    20.23    10.41           26.54    20.25    10.41     0.015
        4.65     2.47    64.06            4.64     2.50    64.21     0.151
       38.45     9.29     9.93           38.33     9.43     9.77     0.248
       16.06     4.07   -28.53           16.51     4.25   -28.24     0.561
       10.78    20.33    36.42           10.80    20.42    36.42     0.095
      -25.96   -15.09    -4.19          -25.98   -15.11    -4.06     0.134
       31.50    17.01   -22.98           31.47    16.99   -22.97     0.028
      -21.59   -16.57    -2.44          -21.64   -16.39    -2.70     0.322
        3.06   -15.41    -7.88            3.36   -14.77    -7.91     0.705
       -8.75    12.56    -1.13           -8.41    12.52    -1.01     0.365
        2.55    -9.19    20.97            2.49    -8.91    20.93     0.287
      -13.20     6.20    23.81          -12.85     6.52    23.71     0.477
       36.38     0.19    11.83           36.44     0.15    11.93     0.125
       20.42    16.14    55.81           20.71    16.60    55.71     0.552
      -34.67   -13.62   -33.05          -34.59   -13.84   -33.18     0.269
       43.22     2.20    -6.05           43.29     2.22    -6.06     0.070
        4.26   -15.08   -18.15            4.15   -14.78   -18.06     0.333
       27.17    -9.28   -32.51           27.35    -9.30   -32.66     0.242
       20.56    -3.64    38.79           20.15    -3.28    38.63     0.563
        9.81   -12.26   -24.22            9.81   -12.11   -24.14     0.170
      -16.79     6.23   -37.59          -16.79     6.22   -37.59     0.004
       28.35   -17.21   -26.08           28.35   -17.17   -26.07     0.046
      -13.74     1.65    17.73          -13.61     1.67    17.69     0.144
        1.30   -16.26   -24.66            0.90   -16.10   -24.61     0.429
      -37.07     0.37   -18.38          -36.67     0.13   -18.37     0.466
      -16.97     4.32    -4.59          -17.03     4.38    -4.57     0.094
       -7.15    -8.93   -44.21           -7.00    -8.81   -43.26     0.972
        1.98    -4.06   -26.34            1.93    -4.04   -26.14     0.208
        1.84    12.84    63.02            1.88    12.94    62.86     0.196
      -18.35   -12.10   -43.56          -18.36   -12.08   -43.75     0.190
       24.31   -14.73   -31.09           24.29   -14.87   -31.18     0.166
      -18.20    -9.13   -44.60          -18.50    -8.94   -44.75     0.386
       28.78    19.48    10.64           28.81    19.30    10.40     0.297
        4.17   -16.34   -10.61            4.21   -15.94   -10.65     0.402
       -6.60    -5.42    49.02           -6.78    -5.48    48.97     0.196
       14.09     6.09   -24.95           14.37     6.10   -24.93     0.284
      -23.06    -6.43   -42.80          -22.92    -6.47   -42.93     0.194
      -37.49    -2.65   -32.26          -37.39    -2.73   -32.19     0.151
      -31.69   -19.19   -36.73          -31.56   -19.08   -36.61     0.211
       26.84   -15.12    -6.96           26.91   -14.99    -6.98     0.144
       19.93    -5.67    33.90           19.68    -5.39    33.83     0.384
      -17.70    15.14    34.82          -17.66    15.16    34.79     0.051
       16.30    -7.59    32.87           16.21    -7.29    32.86     0.313
       13.55    20.57    61.36           13.50    19.96    61.22     0.630
        0.10    26.34    20.49            0.07    26.30    20.48     0.050
       -4.88   -14.49    -4.92           -4.75   -14.64    -4.38     0.573
      -18.51     7.72   -12.72          -18.44     7.52   -12.86     0.251
       25.63    12.01    32.90           25.83    12.08    32.98     0.226
       13.29    -0.18    64.38           13.29    -0.18    64.48     0.105
       17.78     3.56    64.58           17.92     3.61    64.97     0.421
       19.81    18.42    27.45           19.76    18.27    27.44     0.157
       -7.93    -5.73   -43.86           -8.03    -5.75   -43.67     0.219
       18.90   -13.34    -4.28           18.87   -13.31    -4.31     0.052
       -3.00    25.49    13.52           -2.90    25.27    13.60     0.245
       -1.57    12.63   -12.53           -1.51    12.22   -12.33     0.462
      -24.25   -12.51   -42.28          -24.60   -12.57   -42.86     0.680
       -6.55   -18.90   -10.60           -7.09   -18.99   -10.84     0.598
       30.47    18.95   -22.80           30.42    18.94   -22.79     0.045
       -4.43    -7.20    37.32           -4.38    -6.96    37.33     0.242
       -2.59   -11.92    11.46           -2.57   -11.72    11.45     0.195
       33.26    -2.53    13.22           33.25    -2.52    13.21     0.028
      -23.86   -13.11   -42.36          -23.94   -13.14   -42.98     0.622
       -3.63    12.63    63.87           -3.63    12.60    63.22     0.647
       15.78    -9.55    16.40           15.83    -8.95    16.39     0.604
        0.50    26.01    19.16            0.60    26.19    19.19     0.204
       35.04   -11.14    -9.49           35.22   -11.30    -9.43     0.250
        0.35    -7.55   -33.17            0.42    -7.44   -33.10     0.143
       24.76    18.79    16.91           24.78    18.84    16.93     0.062
       -6.36    -6.17    57.29           -6.56    -6.29    57.21     0.239
      -10.81    10.31    -3.36          -10.27     9.74    -3.29     0.786
       -8.77    -6.37   -44.11           -8.87    -6.37   -44.04     0.124
       -6.82    23.23    41.14           -6.85    23.01    41.09     0.226
      -11.58     3.42   -39.49          -11.60     3.72   -39.74     0.391
        8.18    -6.01    64.79            8.19    -5.95    64.67     0.140
       -6.76    -5.95    54.64           -6.57    -5.79    54.67     0.253
      -15.14   -13.63   -44.41          -15.15   -13.61   -44.22     0.186
       -7.15     8.07    64.20           -7.29     8.03    63.77     0.450
      -15.25   -11.02   -45.13          -15.24   -10.94   -45.07     0.099
       -4.78   -19.66   -14.58           -5.10   -19.78   -14.69     0.364
       35.76    -9.35    -4.33           36.21    -9.79    -4.42     0.642
       -2.85    -2.38    63.73           -2.86    -2.39    63.32     0.407
       11.45    18.68   -35.17           11.45    18.66   -35.06     0.111
      -17.70   -11.68   -43.15          -17.74   -11.61   -43.74     0.593
      -19.48     2.57   -40.52          -19.44     2.39   -40.37     0.235
       28.23    22.57   -14.14           28.47    22.93   -14.44     0.529
      -23.75     8.08   -34.19          -23.82     8.24   -34.34     0.226
       -6.88    -4.52    44.21           -6.82    -4.52    44.23     0.062
       30.04    21.43   -15.17           29.98    21.35   -15.10     0.121
      -34.62    -9.32   -36.35          -34.46    -9.27   -36.26     0.195
       33.50    16.53    10.84           33.73    16.88    11.07     0.474
       -8.89    15.43    56.42           -8.77    15.33    56.36     0.168
      -33.82   -22.54   -29.60          -33.70   -22.44   -29.44     0.224
      -11.76    24.67    37.71          -11.71    24.43    37.68     0.245
      -11.46    25.25    35.52          -11.49    24.79    35.47     0.467
      -31.28   -26.06   -15.40          -31.20   -25.92   -15.42     0.161
      -37.40   -18.68   -32.03          -37.42   -18.64   -32.04     0.042
      -15.41    -3.78   -43.42          -15.36    -3.76   -43.57     0.165
       -4.99    27.12    23.76           -5.01    26.95    23.73     0.177
       -7.30   -15.70    -5.90           -7.32   -15.58    -5.94     0.126
       -4.42    -3.45   -41.46           -4.74    -3.63   -41.00     0.598
       -5.85   -26.37   -33.21           -5.70   -26.55   -33.33     0.269
      -37.54   -14.22   -30.70          -37.53   -14.23   -30.70     0.007
       27.56    20.02    10.65           27.43    19.83    10.50     0.274
       42.83     5.02    -5.86           42.44     4.90    -5.83     0.408
       -6.40    -8.03   -43.98           -6.32    -7.97   -43.47     0.516
      -28.74   -20.65    -5.75          -28.68   -20.63    -5.79     0.072
      -18.76    23.59    29.65          -18.75    23.59    29.66     0.014
        5.66    25.92    12.84            5.62    25.53    12.78     0.395
      -12.75    12.08    38.52          -12.52    12.35    38.39     0.379
      -13.88   -30.34   -14.59          -14.22   -29.27   -14.81     1.140
      -26.27   -28.00   -13.76          -26.29   -28.08   -13.74     0.085
        9.52    -4.50    64.82            9.63    -4.50    65.04     0.244
        1.98   -12.00   -23.65            2.10   -12.03   -23.67     0.125
       -5.11    25.82    31.95           -5.18    24.70    31.72     1.154
        9.35    -8.77    57.00            9.36    -8.82    57.01     0.053
       26.08   -17.46   -11.24           26.37   -17.76   -11.23     0.423
      -37.35   -20.95   -28.29          -37.31   -20.92   -28.28     0.057
       36.75    13.80    11.34           37.00    14.01    11.47     0.344
      -10.11    -7.15    22.77          -10.17    -7.21    22.77     0.085
       15.46   -19.08   -16.66           15.23   -19.47   -16.82     0.481
       13.48     6.82   -20.27           13.83     6.82   -20.22     0.362
       -3.98     7.96   -26.70           -4.10     7.80   -26.67     0.200
       14.27    19.84    30.92           14.27    19.85    30.92     0.015
       13.07   -10.67     8.06           13.03   -10.94     8.12     0.281
        5.35   -10.06    10.51            5.12   -10.09    10.33     0.298
       -9.93   -10.02     5.28          -10.09   -10.42     5.37     0.447
       -8.72    11.18   -23.77           -8.66    11.36   -23.73     0.202
       33.35     6.55   -24.14           33.58     6.56   -24.18     0.239
      -39.51   -17.18   -17.44          -39.57   -17.20   -17.43     0.064
        8.72    16.09   -16.14            8.73    15.67   -16.46     0.528
       13.00    22.08   -34.18           13.07    21.93   -33.79     0.417
       -9.43   -25.18   -37.76           -9.44   -25.11   -37.70     0.089
       -2.66    -7.72    35.78           -2.71    -7.84    35.78     0.129
       22.98     9.49    51.43           23.52     9.34    51.49     0.568
       -1.55    25.01    29.68           -1.56    24.91    29.64     0.110
       -7.22   -27.95   -32.21           -7.04   -28.22   -32.38     0.366
       -6.01    13.33    -5.45           -5.41    12.95    -5.30     0.721
      -18.43    12.20   -28.08          -18.40    12.32   -28.10     0.125
       17.39    18.34    59.00           17.38    18.31    59.00     0.026
        7.95    12.83   -14.06            7.95    12.83   -14.07     0.016
      -37.20   -20.31   -16.79          -37.73   -21.05   -16.68     0.911
       18.68    17.20    61.84           18.89    17.95    61.86     0.779
      -23.61     6.39   -14.07          -23.66     6.55   -13.87     0.262
      -40.46   -16.65   -24.95          -40.63   -16.76   -25.00     0.215
      -26.52   -28.80   -15.95          -26.56   -28.91   -15.94     0.114
       15.07    22.47    15.78           15.00    23.54    16.06     1.115
      -34.24     0.80   -11.82          -34.03     0.72   -11.93     0.257
       13.89    -6.00    56.41           14.00    -6.07    56.45     0.140
       20.76   -15.77   -29.25           20.69   -15.98   -29.32     0.234
       34.36   -11.11    -1.76           34.22   -10.92    -1.83     0.237
      -14.02   -18.62   -42.51          -13.94   -18.72   -42.77     0.298
        4.26    -9.14    57.65            4.23    -8.80    57.62     0.340
       25.50    11.22    34.83           25.44    11.19    34.81     0.067
      -40.66   -14.06   -18.32          -40.97   -14.27   -18.14     0.415
       22.92    13.02    48.68           23.10    13.07    48.70     0.192
       21.67    13.11    61.91           21.86    13.06    62.00     0.210
      -15.82    15.08    38.21          -15.52    15.17    38.07     0.351
        1.52    -9.52    54.39            1.48    -8.95    54.43     0.570
       40.56     9.83     2.17           40.77     9.94     2.22     0.241
      -18.30    21.45    21.47          -18.06    21.29    21.56     0.305
       19.32    24.82   -30.10           19.30    24.81   -30.07     0.034
      -38.39   -11.48   -12.70          -38.79   -11.50   -12.43     0.484
       -9.71    10.37    60.19          -10.05    10.31    59.98     0.400
      -39.98   -13.55   -29.14          -39.95   -13.51   -29.03     0.119
      -33.43     3.63   -12.86          -32.85     3.34   -12.92     0.646
      -34.38     1.82   -12.28          -33.91     1.48   -12.46     0.614
       36.96    15.12    -2.67           36.75    14.88    -2.65     0.325
       10.83    13.54   -18.90           10.33    13.15   -18.87     0.632
      -33.83   -11.10   -37.05          -33.96   -11.12   -37.04     0.126
       19.37     4.03    63.63           19.51     3.95    63.68     0.172
       -0.47   -18.91   -30.81           -0.70   -18.70   -30.81     0.308
      -32.64     3.89   -13.23          -32.63     3.83   -13.28     0.075
      -11.82    11.18    38.41          -11.81    11.18    38.39     0.029
      -15.84    11.59   -31.27          -15.66    11.99   -31.38     0.447
      -12.45    -2.50    20.33          -13.08    -2.65    20.37     0.649
       -9.65     4.93    54.05           -9.52     4.98    54.06     0.150
      -37.48   -20.62   -28.81          -37.46   -20.59   -28.80     0.038
        9.00    27.25    -3.85            9.01    27.72    -3.73     0.479
      -18.74    -9.37   -43.94          -18.99    -9.32   -44.32     0.460
       36.30    -8.51     5.24           36.07    -8.11     5.06     0.499
        5.56    -6.80   -25.84            5.56    -6.81   -25.75     0.087
       29.12     5.22   -34.21           29.14     5.21   -34.22     0.027
       -5.66    10.78   -13.89           -5.53    10.33   -13.85     0.469
       -5.41    19.39    55.30           -5.36    19.34    55.28     0.064
       -9.38    12.97    58.14           -9.44    12.95    58.10     0.071
      -11.78   -30.52   -29.61          -11.78   -30.97   -29.77     0.483
       12.60    18.32   -35.33           12.61    18.30   -35.22     0.118
        2.61   -12.97   -21.29            2.76   -12.84   -21.17     0.241
       12.51    10.48   -27.73           12.55    10.51   -27.72     0.050
        4.26    24.75    19.12            4.31    25.02    19.15     0.277
       21.41   -12.42    -1.31           21.41   -12.07    -1.30     0.342
       -1.67   -19.72   -36.37           -1.83   -19.63   -36.30     0.196
       -4.48   -22.08   -16.15           -4.36   -22.11   -16.12     0.127
      -42.14   -13.36   -28.02          -42.13   -13.35   -28.01     0.012
      -15.38    24.43    36.03          -15.46    24.55    36.08     0.152
      -33.51     6.01   -23.51          -33.51     6.01   -23.51     0.002
      -22.08   -12.04    -2.38          -22.08   -12.11    -2.31     0.102
       -5.33    -8.72   -43.56           -5.36    -8.74   -43.44     0.130
      -12.80     0.27    21.57          -12.57     0.20    21.58     0.234
       -4.61    -6.99    53.07           -4.93    -7.26    52.99     0.422
       20.21     0.30    50.20           20.75    -0.09    50.36     0.685
      -16.13     0.44     6.87          -15.84     0.42     6.80     0.298
       33.47    12.12   -24.42           33.56    12.16   -24.48     0.108
       -5.77    -6.15    54.74           -6.06    -6.40    54.66     0.387
       -6.21   -10.22    17.33           -6.21   -10.24    17.33     0.016
       31.21    19.48   -17.74           30.89    19.34   -17.56     0.393
      -26.16   -30.04   -21.46          -26.24   -30.15   -21.49     0.139
      -30.24    -1.66    -8.75          -30.20    -1.92    -9.00     0.371
      -18.44     9.59   -33.91          -18.41     9.83   -34.16     0.343
        1.39   -10.72    12.52            1.08   -10.72    12.40     0.336
       -9.25    20.20    11.87           -9.26    20.47    11.76     0.296
       -4.52    18.97    57.59           -4.59    19.04    57.62     0.096
      -10.52    24.34    16.58          -10.62    23.74    16.35     0.652
      -37.46    -8.48   -31.36          -37.57    -8.60   -31.63     0.315
      -41.51   -11.30   -19.84          -41.62   -11.29   -19.81     0.115
       13.99    26.13   -17.86           13.83    26.30   -17.97     0.263
      -12.08    13.43    10.20          -12.15    13.44    10.18     0.074
      -27.35     1.51   -12.45          -27.37     1.47   -12.48     0.054
      -26.39   -15.88    -4.16          -26.39   -15.88    -4.08     0.078
       15.23    26.64   -13.91           15.20    26.95   -13.92     0.311
       -6.69    22.67    10.44           -6.49    22.34    10.65     0.439
       31.07     8.15   -30.26           31.05     8.15   -30.25     0.027
        9.53    18.30   -34.03            9.17    18.42   -34.41     0.537
       -1.96     6.24   -23.97           -2.43     6.07   -23.65     0.589
       40.53     2.14     7.17           40.46     2.16     7.08     0.120
       28.76    16.09    15.80           28.69    16.03    15.75     0.112
       -9.52    15.26    55.02           -9.54    15.26    55.03     0.025
      -24.17   -27.94   -32.96          -24.17   -27.98   -32.96     0.035
       -0.87    -8.65    45.89           -0.82    -8.98    45.90     0.330
      -36.40   -17.00   -32.73          -36.47   -17.02   -32.56     0.182
      -14.66    13.43   -24.51          -14.67    12.79   -24.41     0.640
       30.89   -10.21   -27.94           30.79   -10.20   -27.92     0.100
        7.08    -9.83    11.74            7.07    -9.87    11.75     0.045
       40.00     2.31     7.68           39.87     2.33     7.57     0.169
       23.40   -18.41   -11.62           23.63   -18.12   -11.96     0.506
        6.93    -9.16    39.34            7.04    -9.65    39.34     0.505
      -22.03    11.60   -27.58          -22.15    12.02   -27.72     0.458
       38.98     7.58     8.98           38.79     7.56     8.80     0.262
       29.30    17.75   -25.60           29.18    17.64   -25.50     0.185
      -37.25   -19.30   -14.68          -37.37   -19.41   -14.60     0.179
       -5.50    26.56    28.28           -5.55    26.45    28.30     0.121
      -29.00     6.74   -16.10          -29.01     6.72   -16.23     0.130
      -16.78     3.42     2.14          -16.12     3.29     2.12     0.678
       -4.03   -23.33   -34.83           -4.07   -23.16   -34.75     0.203
       -4.96     8.79   -23.10           -4.96     8.79   -23.10     0.010
       -5.96   -22.84   -37.71           -5.91   -22.93   -37.73     0.103
        5.26    21.76    34.64            5.29    22.08    34.71     0.335
        2.79    -9.13    46.15            2.82    -8.75    46.16     0.379
       -2.09   -11.03    14.53           -2.11   -10.97    14.51     0.071
       -1.67   -12.57     1.65           -1.71   -12.72     1.67     0.160
        8.05    15.02    64.27            8.03    15.17    64.80     0.558
      -35.48   -19.59   -11.67          -35.54   -19.63   -11.64     0.077
       13.16     9.48   -23.39           13.14     9.47   -23.39     0.028
      -10.94   -26.33    -8.87          -10.93   -26.34    -8.86     0.018
       -9.74     6.43    52.23          -10.22     6.25    52.30     0.523
       15.49    -4.08    57.82           14.35    -4.11    57.81     1.141
       -2.53    20.95    48.31           -2.43    21.38    48.54     0.492
        4.29   -16.00   -16.22            4.12   -15.49   -15.98     0.590
      -18.60    11.20   -17.46          -18.59    10.99   -17.62     0.269
      -33.84   -20.82   -10.70          -33.82   -20.81   -10.72     0.033
       29.30   -11.82   -29.00           29.40   -11.82   -29.04     0.102
      -20.61     4.95   -11.16          -20.46     4.89   -11.32     0.227
      -11.49    27.51    27.55          -11.48    27.47    27.52     0.058
      -41.36    -3.50   -26.69          -41.73    -3.35   -26.69     0.406
        0.13     6.94   -20.74            0.18     7.01   -20.78     0.089
      -21.04    12.35   -26.35          -21.27    12.84   -26.65     0.618
       22.76    15.24   -33.58           22.83    15.28   -33.62     0.089
      -19.56    -9.78   -44.59          -19.54    -9.73   -44.49     0.110
        9.01   -10.93     5.19            9.01   -10.93     5.19     0.001
       30.29    18.98     9.97           30.31    19.12    10.21     0.280
       40.32     1.65   -13.95           40.34     1.55   -13.81     0.176
      -13.22   -28.69   -11.74          -13.38   -28.37   -11.80     0.361
      -17.51    -3.06     2.82          -17.48    -3.06     2.80     0.030
       25.36    -5.28    21.45           25.18    -4.90    21.20     0.491
        2.14   -15.45   -29.59            2.25   -15.52   -29.56     0.137
        4.41    20.56    47.29            4.37    20.31    47.31     0.247
      -20.68    12.48   -23.98          -20.70    12.58   -23.95     0.107
       30.15    19.60   -22.20           30.36    19.73   -22.20     0.249
       -9.51    13.11     2.81           -9.26    12.91     2.98     0.365
      -30.28     7.69   -16.04          -30.13     7.43   -16.25     0.369
        5.65    23.93    21.98            5.75    24.67    21.97     0.749
        4.40   -16.31   -10.57            4.49   -16.00   -10.64     0.331
        8.82    -8.47   -25.04            9.15    -8.48   -25.28     0.413
      -15.38    -1.20   -42.63          -15.42    -1.22   -42.83     0.202
       28.19    22.24    -0.74           27.98    21.76    -0.64     0.539
       31.63   -15.87   -18.59           31.67   -15.96   -18.57     0.104
       41.85     6.86     3.69           41.98     6.93     3.71     0.139
       34.70    16.06   -11.73           34.66    15.81   -11.63     0.270
      -11.37    12.70    40.96          -11.66    12.44    40.95     0.390
      -36.05    -5.88   -35.72          -35.93    -5.91   -35.52     0.239
        1.65    21.53    -4.17            1.70    21.44    -4.10     0.125
       -0.50   -19.07   -33.90           -0.67   -18.94   -33.94     0.215
      -32.86   -25.08   -16.62          -32.55   -24.83   -16.64     0.404
       32.57    10.86    15.08           32.24    10.75    14.95     0.371
      -14.71     9.66   -15.37          -14.76     9.82   -15.34     0.170
      -24.06   -18.90    -3.60          -24.10   -18.90    -3.97     0.374
       -1.62     5.14   -24.71           -2.10     4.77   -24.35     0.707
       -4.84    21.51    47.26           -4.53    21.76    47.73     0.615
       38.43    10.38    10.46           38.43    10.38    10.47     0.005
       39.30    -0.48   -15.71           39.33    -0.46   -15.72     0.033
       25.14     6.62    35.80           25.14     6.62    35.80     0.001
        9.99    25.32   -14.15           10.16    25.17   -14.01     0.263
      -21.62   -12.03    -2.31          -21.63   -12.08    -2.26     0.077
      -20.47     7.42   -36.36          -20.46     7.41   -36.38     0.023
       -9.41    27.54    26.47           -9.43    27.49    26.49     0.055
        5.17    -7.79   -26.09            5.17    -7.82   -25.92     0.171
       -8.97   -10.79     5.11           -9.02   -10.92     5.14     0.141
       10.86   -17.72   -15.79           10.74   -18.23   -15.81     0.517
      -26.33   -30.09   -20.72          -26.34   -30.12   -20.72     0.030
       18.09    -8.84    21.00           17.83    -7.85    21.01     1.021
       -0.01    -5.73    64.19           -0.02    -5.76    63.35     0.837
       33.12    18.92     6.88           33.40    19.45     6.87     0.596
      -37.02     1.33   -27.20          -37.12     1.39   -27.26     0.122
       31.89    15.20    12.33           31.88    15.24    12.10     0.236
       -2.95    22.37     5.74           -2.97    22.40     5.73     0.044
        5.26    18.45    64.19            5.29    18.56    64.23     0.127
      -15.48   -32.28   -22.04          -15.50   -32.03   -22.09     0.253
        5.24   -13.26   -21.55            5.31   -12.80   -21.33     0.523
       11.21    -8.85   -25.27           11.44    -8.77   -24.65     0.664
        1.45   -15.85   -17.93            1.25   -15.72   -17.80     0.270
      -25.71   -27.79   -13.27          -25.78   -28.11   -13.22     0.337
       23.33    19.40    17.27           23.36    19.45    17.28     0.063
       25.69    19.46    12.36           25.86    19.68    12.41     0.275
       37.01    13.87    11.25           37.11    13.96    11.31     0.149
      -38.64    -3.55   -31.49          -38.55    -3.60   -31.44     0.117
      -36.91    -1.99   -32.73          -36.77    -2.06   -32.70     0.162
        0.61    -9.29   -36.45            0.59    -9.29   -36.45     0.020
       12.16    27.45    -6.55           12.04    28.47    -6.27     1.057
       -9.62   -25.07    -8.38           -9.80   -24.97    -8.53     0.253
      -20.76     3.63   -39.25          -20.76     3.59   -39.16     0.098
      -34.10     1.83   -31.62          -33.93     1.69   -31.49     0.257
      -10.12    -9.65   -44.61          -10.15    -9.60   -44.82     0.215
       -6.58   -14.27   -42.65           -6.77   -14.33   -42.42     0.310
      -40.57    -2.75   -23.45          -41.34    -2.44   -23.45     0.836
      -34.47    -0.72   -34.03          -34.44    -0.78   -33.99     0.081
       36.59    -9.26   -13.42           36.49    -9.18   -13.40     0.128
       42.74    -0.16     5.59           42.80    -0.19     5.60     0.076
        7.85    -5.44    64.81            7.84    -5.48    64.88     0.078
      -38.30     0.38   -22.59          -38.69     0.74   -22.64     0.527
       -2.48    22.34     4.82           -2.43    22.24     4.87     0.122
       -0.51     3.71   -24.54           -0.81     3.46   -24.35     0.437
      -30.51   -19.84    -6.52          -30.42   -19.82    -6.70     0.204
       -9.95    22.81    14.42           -9.92    22.54    14.89     0.548
      -34.64    -2.80   -35.44          -34.59    -2.82   -35.39     0.075
      -29.98     2.31   -13.32          -30.00     2.47   -13.27     0.170
      -28.85   -14.93    -3.72          -28.76   -14.84    -4.40     0.692
      -14.79     7.70    -9.12          -14.95     7.87    -9.07     0.240
       34.75    -7.01   -18.23           34.74    -7.01   -18.23     0.007
       24.11    24.43    -6.22           24.01    24.01    -6.32     0.445
       -3.35     3.80   -29.73           -3.59     3.74   -29.69     0.247
       36.75    12.65   -11.96           36.87    12.84   -11.92     0.228
       -9.72    11.61   -24.05           -9.69    11.71   -24.04     0.105
      -22.86   -30.80   -17.44          -22.69   -30.60   -17.40     0.264
