150 pa5-K-Output.txt 6
    133.4928-143.6449  65.4409 -29.5374  -7.0692 -12.8455
       10.14   -10.40   -22.44            9.96   -10.38   -22.36     0.194
       -4.33    -3.11   -35.98           -4.29    -3.05   -36.13     0.173
       25.28   -13.07   -20.55           25.15   -13.26   -20.47     0.235
       11.00    -8.98    11.70           10.88    -8.65    11.55     0.383
       -3.46    -2.51   -32.02           -3.39    -2.49   -32.04     0.068
       17.84    -4.04    45.99           17.67    -3.69    45.88     0.406
       -7.33   -28.20   -24.44           -7.19   -28.40   -24.46     0.249
      -12.24    10.65   -18.93          -12.18    11.27   -18.76     0.651
       23.43    10.72    36.28           23.45    10.72    36.28     0.014
       27.91    25.20   -10.83           27.59    24.57   -10.84     0.710
       29.66     5.78    21.42           29.25     5.74    20.84     0.716
       26.30    -4.41    16.16           26.22    -4.29    16.09     0.158
      -24.78     7.24   -34.31          -25.07     8.21   -34.95     1.196
      -27.59   -20.11    -1.57          -27.67   -20.12    -1.82     0.261
      -13.43    23.41     6.84          -13.46    23.45     6.81     0.058
        2.18     3.95    66.75            2.07     4.05    67.03     0.314
      -25.36   -31.49   -31.10          -25.36   -31.45   -31.07     0.056
       -8.31    -7.83    13.40           -8.14    -7.70    13.18     0.311
       11.88    -6.22    67.93           11.80    -6.16    67.84     0.130
       23.30    -7.70     6.20           23.29    -7.65     6.18     0.046
       41.93     9.18   -15.95           42.36     9.27   -15.97     0.442
       39.52    10.62   -25.50           39.81    10.62   -25.58     0.299
       32.71     9.74   -34.15           32.71     9.75   -34.10     0.045
      -32.23     7.86   -14.86          -32.22     7.86   -14.87     0.006
      -44.95    -2.93   -24.90          -45.00    -2.91   -24.89     0.057
      -11.13    -4.88    15.44          -11.28    -4.97    15.46     0.181
       38.94    16.90    -8.26           38.34    16.43    -8.29     0.765
       -0.59    -1.89   -27.74           -0.65    -1.81   -27.62     0.157
      -16.47    12.14   -24.11          -16.41    12.48   -24.15     0.348
        4.57     4.55   -22.70            4.52     4.30   -22.28     0.489
       11.16    20.65    32.89           11.26    21.02    32.99     0.398
       13.57    25.57   -11.33           13.96    25.25   -11.20     0.521
       -5.18    -5.55    46.43           -5.26    -5.83    46.45     0.291
        3.87    18.34    -2.33            3.78    18.48    -2.37     0.166
       20.49     7.80   -25.52           20.86     7.70   -25.45     0.392
      -10.90   -11.85   -42.29          -11.02   -11.86   -42.04     0.275
        0.14     0.47   -26.50            0.14     0.50   -26.50     0.032
       23.02    19.76    20.45           23.16    20.08    20.52     0.349
      -29.32   -28.07    -9.54          -29.42   -28.35    -9.39     0.334
      -23.01   -33.29   -16.79          -23.09   -32.68   -16.90     0.624
      -40.07   -13.36   -37.86          -40.01   -13.35   -37.84     0.069
       -0.27   -12.72   -34.30           -0.27   -12.74   -34.26     0.045
      -16.16    -7.47     3.21          -15.42    -7.35     2.94     0.802
       23.90    -6.26    11.56           23.90    -6.50    11.56     0.236
      -19.22    -8.52     0.67          -19.38    -8.35     0.99     0.397
        4.43     0.13   -24.98            4.50     0.27   -25.18     0.258
        4.98     0.09    68.99            5.04     0.04    68.66     0.336
       22.61    -4.75   -27.56           22.48    -4.71   -27.70     0.191
      -37.20     0.82    -9.79          -37.31     0.90    -9.68     0.171
       23.46    14.46    30.55           23.51    14.50    30.56     0.065
       21.15    -0.38    48.97           20.89    -0.31    48.94     0.269
       -6.00     3.94   -29.05           -6.32     3.73   -28.86     0.427
       -9.89    -4.40    21.50          -10.46    -4.70    21.73     0.688
       -5.43    -5.08   -37.65           -5.16    -4.75   -37.62     0.428
        5.85    -8.78    16.47            5.79    -8.65    16.43     0.153
      -18.63   -27.81   -36.87          -18.73   -27.60   -36.70     0.290
       22.34    19.98    21.73           22.41    20.14    21.76     0.182
      -40.11   -20.53   -32.13          -40.36   -20.76   -32.18     0.335
        6.08    -8.98    65.29            6.09    -9.26    65.28     0.282
      -43.67    -2.82   -32.49          -43.64    -2.83   -32.47     0.031
       17.33    11.49    57.87           17.43    11.66    57.90     0.200
       23.28    -8.74     2.74           23.24    -8.59     2.70     0.159
       -6.82   -16.79   -39.50           -7.00   -16.63   -39.12     0.445
      -25.52    12.24   -20.66          -25.58    12.48   -20.64     0.249
       22.75    14.22   -33.19           23.04    14.34   -32.92     0.418
       -3.73    17.16     3.21           -3.84    17.26     3.07     0.200
       30.01    -7.44     4.83           29.79    -7.19     4.77     0.337
      -32.42   -30.13   -18.72          -31.99   -29.37   -18.91     0.886
      -42.61   -18.00   -27.93          -42.56   -17.99   -27.93     0.053
       -9.81    -2.26    37.88          -10.46    -2.59    37.68     0.755
       18.72    -6.20    18.91           18.72    -6.08    18.86     0.135
      -38.54   -11.67   -39.88          -38.47   -11.61   -39.76     0.151
      -28.75   -30.47   -13.39          -28.33   -30.03   -13.43     0.607
       -4.52    14.22    40.29           -4.28    14.08    40.25     0.284
       16.52    18.00   -25.02           16.52    18.00   -25.02     0.001
      -17.53   -31.98   -27.60          -17.43   -32.42   -27.65     0.449
      -43.80   -16.62   -19.40          -43.29   -16.37   -19.59     0.605
      -33.94   -27.25   -31.29          -34.06   -27.42   -31.33     0.219
       21.25     4.88   -27.79           21.21     4.88   -27.80     0.034
       -0.10   -19.57   -27.90           -0.13   -19.40   -27.83     0.179
      -35.72   -10.67   -41.42          -35.78   -10.69   -41.52     0.119
        0.28    14.58    61.05            0.50    14.18    61.06     0.464
      -30.39   -16.24    -2.24          -30.42   -16.21    -1.99     0.256
       24.54    25.92    -1.91           24.55    25.95    -1.91     0.026
      -11.91    26.88    10.89          -11.80    26.42    11.11     0.528
       37.93     3.91    10.86           37.55     3.96    10.45     0.560
       21.60     2.51    50.89           21.59     2.52    50.89     0.008
      -42.26   -13.38   -35.28          -41.73   -13.54   -35.21     0.561
      -25.58   -33.07   -16.27          -25.36   -32.61   -16.49     0.558
        1.61    19.00    32.32            1.59    19.44    32.41     0.450
      -11.62     4.12    38.66          -11.52     4.08    38.68     0.116
        5.91    -7.59    48.92            6.00    -7.91    48.90     0.336
        1.53    15.23    64.28            1.74    14.96    64.33     0.350
       19.46   -12.41   -18.95           19.46   -12.40   -18.94     0.022
       -6.87    23.31    24.01           -6.85    23.22    23.90     0.146
      -36.61   -26.35   -24.83          -36.68   -26.43   -24.84     0.104
       25.26    15.92    23.64           24.79    15.79    23.35     0.569
       20.47     6.50    56.89           20.90     6.61    56.92     0.440
       -6.96   -15.41    -1.64           -7.16   -15.82    -1.50     0.473
        1.55    20.08    28.65            1.55    20.29    28.71     0.216
       12.76    -6.83    40.91           12.86    -6.97    40.91     0.169
       -0.18    14.97    -1.22           -0.03    14.86    -1.15     0.207
      -16.75    19.31    21.81          -16.69    19.30    21.77     0.070
        2.53   -10.89    12.50            2.55   -10.93    12.52     0.049
       22.54    -0.30    41.93           22.30    -0.18    41.96     0.269
       20.10     7.62    57.14           20.58     7.75    57.18     0.493
       11.40   -14.96     2.45           11.45   -14.71     2.22     0.336
        1.49     9.84   -16.89            1.39     9.21   -16.68     0.666
      -31.20   -25.01    -7.26          -31.52   -25.39    -6.58     0.836
        1.31     1.86   -25.00            1.26     1.79   -24.81     0.209
        3.92    -8.22    57.96            3.95    -8.93    57.90     0.711
       25.63     7.14    32.06           25.83     7.18    32.12     0.212
       38.93    -4.62   -24.33           38.83    -4.62   -24.31     0.103
       -4.51    -8.50   -37.34           -4.26    -8.51   -37.53     0.312
       12.58    -6.65    50.19           12.29    -6.19    50.16     0.539
      -18.70    -8.93     0.82          -19.02    -8.62     1.34     0.687
       38.08    -5.45   -26.13           38.05    -5.44   -26.13     0.030
        3.26    -7.57    27.37            3.26    -7.56    27.36     0.012
       22.27    -9.90     0.52           22.14    -9.75     0.41     0.230
      -14.13     3.44    -2.59          -13.84     2.49    -3.20     1.163
      -15.08     0.45     6.06          -15.46     0.51     6.07     0.380
      -43.00   -18.63   -22.14          -42.87   -18.59   -22.18     0.135
       -6.00    15.17     4.15           -5.92    14.95     3.90     0.337
      -16.87   -13.54    -0.91          -16.93   -13.73    -0.77     0.245
       30.81    11.68    17.71           30.75    11.67    17.69     0.064
       40.76     3.06   -22.21           40.79     3.05   -22.22     0.032
      -21.62   -22.31    -3.59          -21.71   -22.09    -4.04     0.506
      -11.62    -0.23    39.58          -11.32    -0.06    39.51     0.349
       18.21    20.13   -33.85           18.21    20.13   -33.85     0.006
       -6.83    25.75    18.59           -6.82    26.05    18.65     0.304
      -35.80    -8.08    -3.56          -35.76    -8.32    -3.87     0.395
       -4.86    -8.17   -37.79           -4.59    -8.18   -38.00     0.340
       23.38     5.78   -30.45           23.05     5.67   -30.70     0.432
      -18.89    -3.00    -0.61          -18.64    -3.12    -0.66     0.286
       -0.31    12.99    -4.00           -0.20    12.91    -3.95     0.147
      -44.22    -9.02   -15.16          -43.79    -8.99   -15.26     0.442
        0.86    -7.37    44.30            0.64    -7.86    44.30     0.543
       15.05    20.46   -18.60           15.69    19.99   -17.90     1.059
       30.05    24.40   -22.72           29.33    23.64   -22.77     1.047
       19.71    22.95    14.35           19.83    23.23    14.44     0.319
       16.99     4.96    70.32           16.72     5.48    69.74     0.819
      -32.72     6.05   -30.82          -32.42     5.38   -30.53     0.788
      -16.53     2.28   -38.86          -16.47     2.01   -38.56     0.396
      -36.02   -18.79    -6.34          -36.22   -19.04    -6.16     0.372
      -45.25    -8.37   -18.97          -44.80    -8.29   -19.07     0.468
       -6.73   -17.59   -38.94           -6.86   -17.47   -38.71     0.296
       17.84    16.51   -26.52           17.41    15.74   -26.45     0.886
      -28.74   -10.74   -43.22          -29.04   -10.83   -44.33     1.153
       27.41     4.98    27.56           27.08     5.01    27.51     0.337
       22.00     5.53    48.99           22.07     5.54    49.00     0.069
