400 pa5-J-Output.txt 6
     51.7074 -75.5610 -96.0240 -94.6479 105.0154 -49.8621
      -41.96    -9.33    -9.42          -41.94    -9.34    -9.43     0.028
       11.26     2.94    63.08           11.23     2.94    62.80     0.285
       -1.85    17.05    17.74           -1.85    17.05    17.74     0.001
      -34.90   -12.17   -45.81          -34.90   -12.17   -45.83     0.020
      -25.77   -22.09    -3.15          -25.80   -22.03    -3.26     0.128
       20.47    10.32    28.46           20.43    10.33    28.45     0.036
      -14.04   -10.15   -47.17          -14.06   -10.12   -47.28     0.116
       -8.94     7.16    61.76           -9.15     7.13    61.76     0.203
       -8.39    -6.31     7.51           -8.51    -6.49     7.64     0.247
       -4.12   -14.43   -38.48           -4.39   -14.56   -38.04     0.535
      -41.39    -5.83   -27.87          -41.23    -5.66   -27.85     0.231
        6.99    19.26    66.26            7.09    19.13    66.08     0.249
       -9.69    -4.13     8.33          -10.10    -4.32     8.42     0.467
      -42.18     0.06   -14.45          -42.32     0.09   -14.39     0.156
       15.71    21.23    26.86           15.73    21.34    26.85     0.106
        4.41    -7.71   -27.50            4.16    -8.02   -27.25     0.470
      -12.75    12.46   -19.80          -12.72    12.60   -19.71     0.166
       18.34    23.40   -31.88           18.49    23.42   -31.88     0.151
      -29.27   -12.85   -47.36          -29.97   -12.70   -48.41     1.275
      -13.30    -9.93    -0.37          -13.19    -9.99    -0.66     0.317
       38.87     1.68   -23.91           38.67     1.76   -23.78     0.251
      -38.83    -6.66    -4.59          -38.86    -6.63    -4.55     0.056
        0.37    17.82    29.31            0.31    18.01    29.28     0.205
       16.34     4.49    40.87           16.26     4.50    40.85     0.084
       -6.36    16.36    36.17           -6.42    16.42    36.19     0.090
      -41.18    -9.95    -8.96          -41.15    -9.96    -8.92     0.046
       -7.46     3.20    47.79           -7.16     3.37    47.84     0.352
       17.77    27.31     2.06           17.59    26.38     1.83     0.975
        3.08    -4.99    65.72            2.97    -4.91    65.51     0.244
       35.86    -1.14     5.09           35.36    -0.19     4.75     1.126
       18.51    27.15     1.85           18.34    26.28     1.64     0.906
       -8.98   -23.45   -38.97           -9.02   -23.41   -38.94     0.066
      -35.72   -19.92    -6.92          -35.75   -20.01    -6.86     0.110
      -41.12     4.79   -19.09          -40.89     4.55   -19.14     0.335
       23.16   -14.88    -2.05           22.92   -15.00    -2.15     0.287
       22.17   -18.13    -1.83           22.15   -18.08    -1.88     0.078
      -13.48    12.35    21.01          -13.22    12.22    21.44     0.519
      -19.81     0.40   -46.36          -19.81     0.41   -46.37     0.012
      -10.64     9.73   -32.58          -10.48    10.04   -32.69     0.361
      -34.21   -27.93   -14.78          -34.31   -28.07   -14.74     0.176
        8.58     1.64    62.95            8.62     1.63    63.09     0.148
      -23.05     0.08   -46.59          -23.04     0.07   -46.56     0.033
       -7.12     1.05    43.39           -6.85     1.50    43.17     0.562
       22.38    26.14     2.30           22.38    25.64     2.13     0.528
        9.21    -5.84    25.05            9.14    -6.10    24.65     0.489
       -9.97     3.07     6.99          -10.42     3.40     7.13     0.572
      -29.51    -8.77   -47.61          -29.73    -8.63   -48.00     0.466
        4.26    -9.99    24.77            4.17    -9.81    24.71     0.206
       12.93    -5.43   -25.57           12.93    -5.37   -25.23     0.344
      -11.49   -26.15   -10.13          -11.53   -26.04   -10.22     0.141
        7.01    13.23    -7.40            7.31    12.84    -7.11     0.575
       -2.57     8.16    65.10           -2.57     8.17    65.42     0.322
       -9.41    13.40    41.17           -9.33    13.20    41.11     0.225
       19.18    -1.62    19.67           19.28    -1.70    19.70     0.134
      -33.07   -30.35   -22.75          -32.94   -30.05   -22.75     0.329
       42.17     9.47   -10.98           42.32     9.49   -11.03     0.162
       41.19    11.84   -13.69           41.02    11.74   -13.57     0.229
       26.23    28.01   -23.79           26.23    28.00   -23.79     0.012
       12.91   -12.22   -23.15           12.59   -11.80   -22.72     0.675
       -9.26     5.49    41.20           -9.33     5.49    41.15     0.088
      -40.13   -15.99    -9.90          -40.43   -16.04   -10.00     0.316
      -36.44   -24.30   -12.73          -36.63   -24.42   -12.59     0.264
        9.37    22.38    64.57            9.25    22.30    64.41     0.221
      -17.74     6.53   -10.26          -17.76     6.57   -10.20     0.082
       12.46    26.10     4.37           12.60    25.76     4.27     0.382
       17.61    17.03    40.39           17.92    17.05    40.53     0.342
      -26.81   -32.29   -27.35          -26.82   -32.40   -27.36     0.114
      -12.13     4.78    30.95          -12.14     4.82    30.95     0.037
      -27.85    10.54   -34.28          -27.78    10.44   -34.20     0.146
        4.81   -11.10    21.34            4.82   -11.26    21.40     0.168
       16.62    24.30   -15.63           16.96    24.27   -15.38     0.416
        9.63    -4.60    36.56            9.38    -3.86    36.52     0.784
      -16.87   -31.92   -28.91          -16.93   -31.84   -28.90     0.093
        4.01   -17.53    -9.94            4.12   -17.69    -9.93     0.188
       31.07    -5.25     1.77           31.03    -4.90     1.52     0.435
        1.35    18.97    17.62            1.30    19.06    17.62     0.103
       18.33    -9.38     7.46           18.57    -9.45     7.64     0.303
        6.38    -5.79    43.77            6.73    -6.23    43.91     0.580
      -17.91    -6.49   -47.94          -17.86    -6.51   -47.99     0.073
      -13.50     5.66    25.91          -13.45     5.95    26.10     0.349
      -30.47     9.22   -35.00          -30.49     9.25   -35.00     0.034
      -13.45    -7.02     0.77          -13.19    -6.93     0.61     0.323
       19.45    20.72   -34.32           19.46    20.72   -34.32     0.010
      -27.38    -2.55    -6.07          -27.29    -2.30    -5.79     0.389
       -3.24    16.72    21.11           -3.29    16.78    21.10     0.080
       28.49    -8.08   -19.42           28.43    -7.99   -19.40     0.117
      -10.44     6.11    -9.62          -10.42     6.07    -9.62     0.042
      -18.29    12.57   -32.70          -18.26    12.62   -32.91     0.221
       39.13    13.31    -0.09           39.12    13.30    -0.09     0.006
       36.86     7.43     6.87           36.59     7.33     6.53     0.440
        6.97    -7.72   -26.60            6.99    -7.76   -26.52     0.095
       17.35     8.99    40.56           17.16     9.02    40.51     0.195
      -22.19   -32.63   -30.15          -22.20   -33.34   -30.04     0.717
      -11.14     5.69    -9.29          -11.15     5.72    -9.29     0.036
      -13.76   -28.84   -35.20          -13.71   -28.78   -34.92     0.285
      -31.82   -29.82   -30.69          -31.71   -29.68   -30.65     0.176
       36.36    17.72    -1.98           36.21    17.79    -2.12     0.220
       38.42    15.93    -6.51           37.97    15.78    -6.64     0.490
       14.52    17.75    50.46           14.50    17.73    50.45     0.022
       -5.07    15.70    21.39           -5.10    15.77    21.37     0.080
        2.96    14.40     0.41            3.05    14.16     0.49     0.267
      -12.16    13.61   -23.69          -12.02    13.82   -23.64     0.251
      -32.54     5.17    -8.15          -32.53     5.18    -8.08     0.071
      -29.45   -31.36   -29.61          -29.44   -31.34   -29.61     0.026
       -5.61    -3.78    16.19           -5.53    -3.89    16.09     0.168
       -7.80    -4.26    12.57           -7.91    -4.65    12.92     0.532
      -43.35   -10.23   -33.77          -43.07   -10.24   -33.72     0.282
      -12.09    -3.31   -46.66          -12.09    -3.77   -46.13     0.702
       -5.44    14.84    13.85           -5.32    14.45    13.97     0.430
      -28.15    11.22   -33.37          -28.04    11.05   -33.23     0.248
       15.88    11.12    55.12           15.68    11.05    55.10     0.218
        7.50    21.18    19.68            7.51    21.17    19.68     0.016
       -7.10     1.97    34.22           -7.28     2.00    34.18     0.191
      -40.09     0.18   -34.03          -39.81     0.13   -33.99     0.282
      -21.22   -30.09   -34.91          -21.21   -30.12   -34.92     0.027
       -8.78   -20.33    -7.10           -8.84   -20.20    -7.36     0.299
       40.33    11.26    -2.00           40.06    11.19    -2.04     0.286
      -14.07    11.29   -36.10          -13.87    11.36   -36.08     0.221
        1.54    -7.14    64.16            1.55    -7.18    64.17     0.040
       36.89     4.60     6.02           36.22     4.71     5.53     0.839
       13.97    15.19    55.70           14.08    15.26    55.70     0.129
       35.82    -3.20   -27.03           35.56    -2.95   -26.96     0.371
        6.59   -16.20   -23.03            6.69   -16.34   -23.07     0.173
       30.19    16.78    11.74           30.19    16.78    11.74     0.001
       37.88    17.13   -19.18           38.26    17.30   -19.21     0.422
       -3.23    14.90    46.59           -3.15    14.81    46.57     0.121
        5.06    16.95     1.04            4.55    17.05     0.70     0.617
      -27.98   -26.56    -7.64          -28.01   -26.75    -7.41     0.294
       26.68    -7.31    -0.30           26.84    -7.35    -0.34     0.170
       32.22     2.15     8.48           32.18     2.16     8.40     0.086
       17.61    -6.26    11.25           18.19    -7.07    11.43     1.014
       40.39     1.08   -19.94           39.77     1.30   -19.81     0.670
      -28.91   -21.29   -44.12          -28.88   -21.16   -43.92     0.246
       -6.72    15.54    39.73           -7.08    15.88    39.82     0.505
       -3.23     1.21   -32.88           -2.95     1.39   -33.00     0.354
       36.68    16.22     3.66           36.51    16.12     3.57     0.211
      -40.66   -19.69   -26.97          -40.94   -20.01   -26.99     0.428
       14.77    -0.21    38.75           14.67    -0.21    38.76     0.105
       -2.88    -5.77    64.89           -2.78    -5.63    64.80     0.196
       -9.88   -28.35   -13.12           -9.48   -28.83   -12.47     0.908
       -0.64    -6.98    42.70           -0.62    -6.87    42.68     0.108
       22.07    27.77   -21.64           21.78    28.01   -21.64     0.378
      -27.98    10.83   -34.05          -27.85    10.64   -33.90     0.274
       -6.78     1.15    52.54           -6.76     1.15    52.54     0.019
      -39.47     5.91   -25.79          -39.30     5.90   -25.71     0.191
       16.12   -18.16    -0.23           16.12   -18.17    -0.22     0.012
      -38.14   -24.60   -15.51          -38.10   -24.59   -15.51     0.046
      -40.05    -0.30   -34.65          -39.79    -0.34   -34.61     0.260
      -35.66     8.31   -30.11          -35.97     8.83   -30.44     0.692
        5.81    18.18    -0.26            5.43    18.50    -0.25     0.491
      -42.36    -9.00   -15.85          -42.63    -9.02   -15.94     0.283
       33.39    -1.32   -29.73           33.46    -1.47   -29.75     0.161
       24.65    18.20    18.71           24.82    18.22    18.84     0.212
      -43.47    -2.93   -15.54          -43.63    -2.90   -15.57     0.166
       -1.38    -7.15    42.10           -1.18    -6.89    42.01     0.342
       12.62    24.54     7.02           12.73    24.36     7.03     0.211
       16.22     9.92    47.51           16.61     9.84    47.55     0.409
        3.40     7.74    65.73            3.64     7.75    65.76     0.246
       22.18    13.00   -30.40           22.01    12.83   -30.28     0.266
       41.43     9.17   -16.35           41.39     9.14   -16.32     0.054
      -27.02    -1.63    -6.64          -26.99    -1.55    -6.56     0.113
       32.88    21.41   -24.46           33.04    21.47   -24.51     0.175
       19.07   -18.09     0.23           18.90   -17.90    -0.01     0.346
       27.52    -3.73   -29.90           27.61    -3.63   -29.56     0.370
      -23.61   -31.53   -32.49          -23.71   -32.10   -32.85     0.678
       -8.87    10.64    59.29           -9.46    10.68    59.32     0.590
       37.85     9.42   -25.32           38.34     9.27   -25.55     0.561
      -29.78   -29.35   -34.07          -29.70   -28.96   -33.99     0.408
       39.72     5.24     2.61           39.93     5.24     2.73     0.237
      -10.99   -22.97    -7.56          -11.21   -22.79    -7.97     0.489
      -36.38   -26.66   -27.59          -36.54   -26.73   -27.59     0.176
        5.38    19.77    57.79            5.07    20.21    57.76     0.544
       22.72    27.42   -28.86           22.51    27.08   -28.77     0.410
      -11.18    -2.66   -45.49          -11.37    -2.82   -45.18     0.396
      -28.79    13.40   -25.74          -28.30    12.92   -25.79     0.686
        3.94    -6.63    52.27            3.95    -6.19    52.18     0.454
       37.35     6.59     6.17           37.30     6.67     6.05     0.159
       16.98    -1.95    25.35           17.70    -2.30    25.47     0.804
        0.97   -15.79   -31.96            1.01   -15.78   -31.97     0.042
      -15.78    -5.16   -47.24          -16.16    -5.25   -46.91     0.512
      -31.24   -29.95   -15.37          -31.25   -30.01   -15.35     0.062
      -36.59    -0.88   -43.23          -36.44    -1.00   -43.10     0.227
       -9.55    11.36    43.11           -9.43    11.25    43.15     0.166
       -4.75    -3.00    25.43           -5.11    -4.09    25.65     1.162
       -0.96    14.72     6.97           -1.29    14.91     6.71     0.465
        5.94    10.96    65.10            5.98    10.42    65.65     0.778
       22.78     3.45    18.53           23.06     3.26    18.77     0.407
      -38.00    -0.21   -40.28          -37.89    -0.28   -40.21     0.144
       27.85    12.12    15.05           28.08    12.02    15.21     0.303
       41.94     5.51    -3.29           42.45     5.39    -3.27     0.528
       33.53    -3.62   -28.56           33.57    -3.75   -28.44     0.193
      -10.21    -6.16     4.42          -10.73    -6.45     4.67     0.648
        3.56    -7.62    34.86            3.09    -7.15    34.82     0.661
        0.23    -7.51    37.52            0.06    -7.97    37.48     0.489
       36.67    -1.91   -26.50           36.29    -1.78   -26.43     0.407
      -42.99    -4.92   -14.78          -43.59    -4.76   -14.37     0.745
       -0.52    -5.72   -31.77           -0.74    -5.48   -31.45     0.455
       26.33    23.07    10.48           26.31    23.04    10.48     0.035
       -1.97     9.60   -16.26           -2.01     9.69   -16.24     0.099
       20.65    16.25    29.57           20.45    16.19    29.45     0.238
      -31.19    10.34   -32.58          -31.10    10.11   -32.41     0.300
       -6.78    -2.61   -39.53           -6.77    -2.60   -39.53     0.013
      -22.26   -30.47   -13.46          -22.31   -31.09   -13.35     0.636
       -5.98    15.25    22.69           -6.29    15.27    22.68     0.310
       -9.39     9.39    46.67           -9.04     9.35    46.61     0.349
      -12.13     3.23     0.39          -12.25     3.31     0.48     0.163
       -8.80     4.13    34.47           -8.74     4.24    34.44     0.131
       -9.85     9.62    45.41           -9.55     9.63    45.29     0.322
      -13.16   -26.77    -9.19          -13.42   -26.41    -9.50     0.547
       24.19     7.86    18.08           24.30     7.82    18.17     0.145
       21.95    28.81   -14.27           22.04    28.50   -14.23     0.333
       -3.87    -9.29   -37.45           -3.57    -9.13   -37.55     0.359
      -18.67    -8.48    -3.06          -18.64    -8.51    -3.19     0.133
       -9.25     9.89   -29.01           -9.10    10.21   -29.32     0.470
        9.48   -17.00   -15.31            9.43   -16.83   -15.29     0.179
        3.60    -6.97    46.34            3.65    -7.08    46.36     0.119
       21.25    15.39   -31.61           21.19    15.40   -31.68     0.095
       -4.40    15.97    39.49           -4.41    16.15    39.55     0.185
       24.17    -2.60     9.97           24.45    -2.54     9.93     0.287
       -0.16    14.77     5.49           -0.27    14.84     5.40     0.152
       -1.55    -9.55     8.75           -1.54    -9.85     8.83     0.309
        3.50   -13.16   -28.41            3.95   -13.20   -28.87     0.645
      -22.91   -31.26   -33.17          -22.80   -31.74   -33.42     0.552
      -13.44     9.71    21.62          -13.35     9.77    21.75     0.160
      -11.03    -1.07     9.33          -11.10    -1.09     9.37     0.077
       22.52     0.84    16.22           22.88     0.57    16.49     0.528
       20.22    26.88   -24.13           20.40    26.60   -24.21     0.340
       12.49    13.23    64.59           12.55    13.19    64.74     0.161
       22.11    -4.57     8.97           22.33    -4.96     9.07     0.458
       26.47    27.98   -18.33           26.54    28.52   -18.37     0.541
       18.43     9.17    34.96           18.19     9.21    34.93     0.249
       19.21    12.80    33.26           19.34    12.78    33.30     0.135
       41.71     8.43   -16.28           41.68     8.42   -16.29     0.027
       25.54    25.25   -30.39           25.52    25.18   -30.40     0.068
       -9.56    15.73    27.40           -9.72    15.50    27.43     0.285
       -3.58   -17.44   -37.24           -3.16   -17.45   -37.46     0.467
        8.97   -16.16     0.90            9.04   -16.02     0.86     0.168
        2.52    -7.03    60.86            2.53    -7.13    60.86     0.104
      -38.11   -24.97   -16.26          -38.06   -24.96   -16.27     0.051
       22.22    22.48    13.96           22.19    22.68    14.10     0.242
       11.13    23.72     8.72           11.25    23.49     8.71     0.259
       -3.22    -5.49    41.00           -3.33    -5.76    41.14     0.319
      -36.28     2.18    -5.90          -36.34     2.17    -6.06     0.173
      -14.32     9.15   -37.93          -14.19     9.11   -37.78     0.205
      -29.70   -29.06   -12.27          -29.83   -29.44   -12.11     0.428
       -2.02    13.24     8.59           -2.35    13.78     8.29     0.702
      -32.52   -24.31    -7.90          -32.56   -24.32    -7.88     0.047
       20.16     6.46   -26.85           20.21     6.55   -26.63     0.241
       -9.49   -28.32   -13.23           -9.16   -29.02   -12.96     0.824
      -29.89   -17.61   -46.18          -29.85   -17.74   -46.35     0.223
      -14.32    -6.00     0.61          -13.80    -5.81     0.34     0.617
       22.73    11.53   -32.55           22.34    11.13   -32.27     0.625
      -25.65   -32.59   -20.39          -25.64   -32.63   -20.39     0.039
       18.89    -9.07     6.81           19.14    -9.14     6.99     0.309
       -6.83    -1.88   -38.88           -6.85    -1.91   -38.86     0.043
       18.16   -17.83   -19.23           18.20   -17.93   -19.49     0.285
       27.27    27.65   -16.04           27.47    28.26   -15.98     0.642
      -18.23   -32.27   -29.08          -18.19   -32.48   -29.10     0.215
      -19.16     1.26   -45.50          -19.15     1.38   -45.70     0.239
      -36.59   -26.50   -26.00          -36.69   -26.53   -26.01     0.110
       14.86     4.69    55.76           14.76     4.72    55.77     0.103
       -9.09     8.49    48.01           -8.90     8.49    47.99     0.193
       -6.92     0.31    35.05           -7.04     0.27    35.06     0.123
       31.15    -4.20   -28.46           31.19    -4.30   -28.55     0.141
       32.55     4.66   -34.01           32.48     4.63   -33.71     0.308
      -26.25   -13.75    -2.41          -26.27   -13.67    -2.11     0.306
      -11.88    -2.05     6.84          -11.78    -2.01     6.81     0.117
       -0.75    13.40     6.50           -0.90    14.02     6.48     0.642
      -25.40   -31.88   -32.06          -25.45   -32.18   -32.25     0.361
        9.10    21.38    48.13            9.53    20.97    48.09     0.599
        4.67    18.45    40.73            4.73    18.51    40.69     0.094
      -12.52     4.53    32.91          -12.58     4.78    32.92     0.255
       28.60    23.87     5.28           28.61    23.77     5.26     0.103
       36.14    14.94   -25.85           36.33    15.07   -25.97     0.253
       16.22    -3.11    21.79           16.33    -3.37    21.90     0.302
       38.87    15.52    -5.91           37.99    15.34    -6.18     0.943
       30.59    -3.49   -29.44           30.36    -3.01   -29.39     0.527
       10.51   -18.07   -10.85           10.57   -17.86   -10.94     0.235
       -8.78     9.20    47.52           -8.90     9.21    47.54     0.123
       -1.29   -17.11   -35.23           -1.23   -16.88   -35.71     0.538
      -13.92    10.94   -36.64          -13.69    11.02   -36.62     0.240
       32.13    25.35   -12.45           32.16    25.39   -12.45     0.056
       -6.52    11.61    15.33           -6.64    11.65    15.14     0.229
      -40.00    -0.28   -34.27          -39.85    -0.31   -34.25     0.159
      -23.57     4.07    -8.85          -23.59     4.30    -9.20     0.416
       30.63    16.89    11.49           30.30    16.72    11.40     0.372
        6.82    -7.78   -26.62            6.84    -7.83   -26.52     0.113
      -10.75    -3.04     8.13          -10.87    -3.11     8.19     0.155
       26.79    11.10    15.56           26.75    11.13    15.50     0.079
       -4.02   -18.21   -37.15           -3.54   -18.29   -37.27     0.495
       -8.98   -11.78   -43.85           -8.64   -11.86   -44.00     0.375
       -8.16   -19.33    -6.46           -8.19   -19.24    -6.50     0.102
      -29.17   -27.97   -37.02          -29.15   -27.83   -36.96     0.149
        7.54   -17.26   -11.44            7.60   -17.06   -11.47     0.213
       15.65   -17.05     2.30           15.56   -16.97     2.56     0.284
      -32.34     1.35   -42.29          -32.33     1.21   -42.02     0.300
      -20.89     7.62   -39.93          -20.80     8.26   -40.21     0.703
       30.37    20.37   -29.60           30.25    20.32   -29.55     0.145
       38.47     3.87     3.88           38.11     4.20     3.55     0.588
       41.08    -0.01   -10.81           40.91     0.14   -10.79     0.227
       -6.45   -23.65   -10.12           -6.45   -23.68   -10.08     0.046
       -6.22     9.36   -16.49           -6.21     9.42   -16.47     0.066
      -33.20   -13.92    -1.85          -33.20   -13.91    -1.87     0.020
       26.54     9.43    15.17           26.52     9.43    15.16     0.020
       11.50    -8.85    17.89           11.40    -8.64    17.80     0.254
       25.53     9.47    16.64           25.60     9.46    16.67     0.075
       25.13    15.45   -34.19           25.28    15.51   -33.98     0.265
        4.28    -6.90    37.78            4.27    -7.05    37.78     0.151
        3.57   -15.77    -5.96            3.71   -15.13    -6.10     0.670
      -12.34     9.90    41.25          -12.28     9.90    41.20     0.081
        6.50    20.57    20.13            6.46    20.85    20.21     0.291
      -21.50   -10.12   -49.09          -21.56   -10.10   -48.96     0.147
       30.57     0.91   -32.74           30.53     0.85   -32.83     0.111
      -25.86   -24.79   -41.48          -25.87   -24.59   -41.18     0.361
       22.13    24.52     7.35           22.13    24.54     7.35     0.017
      -39.48    -6.43    -5.59          -39.78    -6.38    -5.33     0.403
       22.75    -8.49     2.31           22.64    -8.41     2.21     0.164
       14.77    18.96   -13.38           14.65    18.98   -13.59     0.243
      -41.48   -17.60   -14.98          -41.23   -17.38   -15.04     0.341
       -6.46    -0.21    54.30           -6.44    -0.20    54.30     0.018
      -40.24   -19.84   -12.51          -40.23   -19.86   -12.46     0.055
       -2.80    15.47    12.02           -2.73    15.33    12.03     0.152
       -9.98     8.80    45.40           -9.81     8.70    45.31     0.216
      -22.57    -0.85   -46.97          -22.57    -0.76   -47.13     0.175
       15.73    14.31    49.71           15.36    14.20    49.68     0.386
      -26.31    -3.90   -47.72          -26.26    -3.96   -47.62     0.125
       12.67    25.90    -6.24           13.13    25.62    -6.21     0.542
       -7.57    13.56    16.24           -7.55    13.56    16.25     0.020
       15.16     2.31    45.47           15.21     2.30    45.48     0.059
       -5.47   -27.57   -18.40           -4.91   -28.55   -18.32     1.138
       13.21     1.94    61.47           13.07     2.03    61.40     0.180
       11.13    23.28    10.36           11.08    23.40    10.35     0.126
      -19.97     9.86   -36.65          -19.81    10.31   -36.93     0.557
       -3.42    -5.33    53.84           -3.66    -5.47    53.84     0.277
       -8.59    -3.54    13.18           -8.72    -3.92    13.42     0.475
      -32.02     1.85   -41.85          -32.02     1.80   -41.75     0.113
       23.89    28.11   -17.70           23.93    28.85   -17.72     0.738
       35.80    -3.78   -22.94           36.04    -4.00   -23.14     0.387
       42.14     4.51   -15.49           41.84     4.53   -15.51     0.307
       20.01     2.11    22.58           20.28     1.99    22.60     0.298
       14.68    25.85   -11.52           14.87    25.83   -11.32     0.279
        1.39   -15.78    -5.73            1.17   -15.65    -6.01     0.379
       -5.60    -4.05    16.08           -5.62    -4.02    16.08     0.031
       12.66   -17.47    -0.45           12.48   -17.88    -0.35     0.463
      -34.81    -0.28    -5.07          -34.81    -0.64    -5.55     0.594
       -0.54     3.41    65.02           -0.64     3.38    64.81     0.232
      -10.66   -26.88   -11.00          -10.78   -26.57   -11.24     0.407
       -7.91   -11.34   -42.23           -7.80   -11.35   -42.26     0.125
        3.64    18.27    42.83            3.69    18.19    42.79     0.103
      -36.25   -25.66   -31.62          -37.11   -26.20   -31.79     1.025
       10.04    -7.94    20.84           10.11    -8.09    20.87     0.173
      -11.97   -12.85    -1.18          -12.04   -13.02    -1.01     0.243
      -33.41     0.52    -6.04          -33.41     0.34    -6.29     0.306
       13.46    14.78    61.16           13.69    14.95    61.23     0.287
       19.16    28.12    -0.37           19.08    27.55    -0.85     0.750
       -4.34     8.23   -26.64           -4.33     8.28   -26.65     0.050
       15.86    28.14    -8.48           15.91    28.09    -8.46     0.076
       13.43    -3.86    27.29           13.42    -3.61    27.26     0.250
      -23.15    11.34   -13.46          -23.18    11.26   -13.57     0.145
       -0.47    -2.12   -29.80           -0.42    -2.02   -29.89     0.148
       -2.05    -5.38   -33.44           -2.38    -5.73   -33.31     0.493
       36.48    -2.96   -10.31           36.40    -2.90   -10.30     0.107
        7.08    18.93    -2.23            6.73    18.67    -2.55     0.540
      -35.76     4.75    -8.15          -35.87     4.99    -8.10     0.272
       -0.86    -7.19    64.21           -0.64    -6.74    64.12     0.509
       22.24   -17.44    -1.81           22.41   -17.38    -1.57     0.306
       29.94    -6.52    -0.21           29.92    -6.37    -0.32     0.187
      -31.45     8.20    -9.31          -31.62     8.40    -9.22     0.274
        7.40    12.34   -11.23            7.73    11.59   -11.13     0.819
       14.44   -12.88     8.68           14.27   -12.60     8.64     0.324
      -23.33     6.26   -41.85          -23.54     6.49   -42.26     0.513
        8.12   -16.39    -1.61            8.32   -16.22    -1.66     0.265
       33.54     5.63     8.64           33.47     5.65     8.55     0.118
       29.59    21.19   -29.59           29.81    21.28   -29.69     0.255
       22.41    11.50   -31.71           22.39    11.48   -31.70     0.037
       -7.90    -3.06    16.85           -8.03    -3.57    16.90     0.529
      -27.39    10.69   -34.62          -27.29    10.54   -34.50     0.220
       -7.33   -26.46   -12.80           -7.25   -26.53   -12.73     0.120
      -31.23    11.05   -19.69          -31.00    10.82   -19.74     0.331
        4.03    -1.25    64.43            4.44    -1.14    64.68     0.490
      -28.67    -6.64   -47.30          -28.84    -6.47   -47.70     0.466
        9.98     3.71    63.30            9.95     3.72    62.97     0.338
       -6.07   -22.94    -9.17           -6.01   -22.73    -9.28     0.241
       29.41    25.61   -23.41           29.30    25.46   -23.40     0.191
       34.81    22.75   -14.32           35.05    22.78   -14.19     0.275
      -23.89   -32.86   -24.30          -23.88   -32.70   -24.31     0.169
      -15.97   -10.55    -1.94          -16.04   -10.56    -1.76     0.202
      -29.58   -30.16   -32.46          -29.56   -30.13   -32.41     0.058
      -11.84   -25.54   -38.54          -11.70   -25.88   -38.69     0.393
       -1.22   -20.63   -32.37           -1.40   -21.29   -32.60     0.721
       20.91    -5.08     9.69           21.14    -5.47     9.79     0.455
        5.21    19.85    51.16            5.17    19.98    51.13     0.137
       22.44    -1.63    13.56           22.57    -1.70    13.62     0.159
       -0.90   -22.98   -14.31           -1.01   -22.80   -14.40     0.238
       21.93    12.79    24.95           22.09    12.76    25.00     0.165
      -14.19   -27.59   -36.81          -14.24   -27.34   -36.65     0.293
       35.95     6.50   -29.10           35.96     6.50   -29.10     0.001
        1.12    15.06     3.87            1.16    14.99     3.86     0.074
        0.33    -0.82   -29.04            0.28    -0.76   -28.61     0.436
      -27.63   -22.80    -3.25          -27.63   -22.80    -3.25     0.001
