150 pa5-D-Output.txt 6
    -43.8354 158.2890  29.5098  85.5818-115.9699  31.8378
      -37.42   -23.42   -37.44          -37.37   -23.29   -37.31     0.189
       23.59    14.48   -19.83           23.01    14.16   -19.52     0.736
        1.10    23.37    10.59            0.78    23.40    10.36     0.397
       22.56     0.62   -28.63           22.56     0.61   -28.65     0.024
        3.58    12.28   -15.27            3.89    12.44   -15.38     0.373
      -36.01     3.59   -29.49          -35.56     3.46   -29.38     0.488
       -9.55    20.14    37.55           -9.49    20.22    37.48     0.125
        0.64    27.09    35.26            0.53    26.77    35.15     0.361
      -22.62     1.52   -48.41          -22.44     1.18   -47.88     0.659
       32.77    -3.24    -0.90           32.87    -3.31    -0.90     0.122
       31.38    -7.48    -6.50           31.51    -7.63    -6.44     0.198
      -13.09    23.25    37.22          -13.29    23.00    37.40     0.367
      -14.48     5.94   -14.17          -14.49     5.99   -14.17     0.053
       -3.24   -22.45   -35.40           -3.19   -22.48   -35.39     0.060
       23.02    -3.41    62.61           22.85    -3.14    62.58     0.315
       11.37    23.97    39.47           11.36    23.87    39.42     0.114
       17.36    -4.91    38.98           17.33    -4.33    38.99     0.578
       32.44    -4.71     5.60           31.96    -4.25     5.53     0.668
       14.43    -6.65     9.34           14.41    -7.46     9.62     0.853
       -9.80   -29.22   -37.47          -10.07   -28.82   -37.27     0.519
      -17.34    -3.29   -51.46          -17.23    -2.89   -51.66     0.462
      -27.84     9.18   -30.27          -27.78     8.81   -30.15     0.389
       -4.30     4.42    38.15           -4.47     4.50    38.18     0.190
      -35.59   -25.00   -27.37          -35.73   -25.18   -27.30     0.238
      -22.94     8.56   -23.09          -22.91     8.57   -23.19     0.102
       28.73    -3.29    26.17           28.97    -3.51    26.28     0.336
      -26.23    -4.69   -49.76          -26.70    -5.18   -48.81     1.175
      -36.84    -0.19   -24.85          -36.89    -0.15   -24.83     0.067
      -13.08   -26.27   -18.00          -13.11   -26.29   -17.98     0.040
       31.00     9.34    -8.16           31.27     9.54    -8.31     0.374
      -28.33   -26.48   -19.00          -28.39   -26.37   -19.16     0.206
       20.42    18.53    34.38           20.88    19.11    34.28     0.747
       -3.22   -12.29   -44.13           -3.31   -12.24   -44.08     0.116
       -1.35   -15.01   -40.12           -1.63   -14.99   -40.00     0.306
       25.55     4.41   -25.09           25.32     4.36   -24.70     0.454
      -17.07     8.92   -24.87          -17.11     9.18   -24.79     0.278
       22.43   -12.24    -7.79           22.43   -12.24    -7.79     0.006
        2.90   -12.14     9.17            2.90   -12.17     9.17     0.035
      -16.78   -12.65   -52.31          -16.73   -12.83   -52.24     0.203
      -15.62    -7.46    -0.27          -15.90    -8.04    -0.13     0.659
       16.98    -4.94    30.14           16.90    -5.38    30.18     0.452
       29.77    -0.18    29.50           29.62    -0.13    29.48     0.169
       32.26     7.26    -7.81           32.36     7.14    -7.75     0.162
      -38.54   -15.90   -48.32          -38.34   -16.15   -48.25     0.336
       -7.76    -0.25    23.23           -7.47    -0.20    23.16     0.301
       -8.12   -27.36   -38.86           -8.14   -27.19   -38.92     0.184
       23.63    16.89    21.24           22.91    16.43    21.24     0.862
      -13.44   -26.12   -17.74          -13.31   -25.99   -17.88     0.231
      -26.34   -13.56   -11.39          -26.40   -13.62   -11.31     0.112
       12.90    10.65    61.41           12.60    10.68    61.00     0.506
        9.50    -3.05   -18.98            9.43    -2.89   -19.14     0.240
       -9.26    17.93    35.41           -9.11    18.12    35.25     0.291
      -26.39   -26.97   -17.96          -26.33   -26.61   -18.10     0.388
       28.22   -10.17     3.40           28.14   -10.06     3.38     0.146
       31.06    11.30    -5.16           31.44    11.68    -5.26     0.550
       -9.62    -1.80    15.09           -9.08    -1.44    14.72     0.746
       13.29    -2.02   -20.13           13.19    -1.96   -20.31     0.212
      -36.41   -13.63   -47.12          -36.52   -13.59   -47.22     0.148
        4.09    18.95    -6.68            3.49    19.45    -6.68     0.779
      -29.94     8.59   -26.50          -29.92     8.54   -26.51     0.049
      -42.86    -4.95   -35.67          -42.37    -5.12   -35.73     0.523
      -36.59    -4.28   -20.17          -36.39    -4.57   -20.66     0.608
       -2.16     0.24   -24.37           -2.24     0.63   -24.48     0.410
      -14.31    -4.42     4.74          -14.78    -4.63     5.22     0.701
       33.79    -4.59    11.12           34.30    -4.92    11.06     0.602
       15.19    23.60    28.77           14.97    23.43    28.72     0.279
        3.93    26.59    17.48            3.89    26.13    17.52     0.456
      -31.52     3.76   -41.49          -31.54     3.78   -41.51     0.030
        3.91    27.55    23.60            3.63    27.20    23.56     0.458
       18.58    20.57    30.78           18.87    20.85    30.94     0.436
      -14.64     4.86     0.61          -14.93     5.55     0.38     0.785
       -1.49    -3.16   -32.99           -1.67    -3.26   -32.99     0.207
       25.28    -8.25    10.86           25.27    -7.93    10.82     0.315
      -23.72   -10.46   -52.25          -23.61   -10.59   -51.94     0.359
       15.56    18.59    60.84           15.59    18.55    60.75     0.105
      -41.53   -11.60   -26.05          -41.82   -11.60   -25.82     0.366
      -39.08    -0.00   -33.53          -39.08    -0.00   -33.53     0.000
        4.44    -9.88   -21.29            4.07    -9.67   -20.90     0.573
      -19.17   -24.03   -48.54          -19.18   -24.21   -48.84     0.352
       -1.68   -12.31    12.34           -1.84   -12.83    12.40     0.550
       25.88    13.38    46.19           25.92    13.41    46.18     0.041
        5.75     9.90   -14.25            6.38    10.28   -14.33     0.747
      -33.63   -24.67   -39.09          -33.17   -24.32   -38.64     0.728
       -2.15    14.24     0.07           -2.15    14.32     0.01     0.106
       22.44    19.01    19.22           21.61    18.47    19.22     0.992
      -15.73   -27.99   -19.22          -15.80   -27.63   -19.57     0.503
      -18.16    -7.61    -4.11          -18.15    -7.60    -4.16     0.047
      -23.67   -31.99   -26.78          -23.75   -32.25   -26.76     0.276
       -1.21    -2.06    53.72           -0.95    -1.77    53.68     0.390
      -20.08   -25.70   -15.40          -20.04   -25.60   -15.49     0.131
      -28.05   -17.77   -48.89          -27.70   -17.95   -48.49     0.563
       -2.92   -12.20     5.07           -2.69   -11.76     5.22     0.516
      -25.25    -9.05   -10.07          -25.02    -8.94   -10.31     0.355
      -39.12   -22.50   -38.21          -39.35   -22.31   -37.79     0.517
       35.49    -1.43    10.48           35.54    -1.44    10.52     0.068
       -6.86    10.67    -2.41           -6.80    10.65    -2.35     0.085
      -30.38   -29.26   -30.01          -30.79   -29.90   -30.08     0.766
       24.87    14.79    26.29           24.52    14.33    26.25     0.577
      -38.17   -22.51   -37.70          -38.16   -22.52   -37.68     0.020
       -5.33     7.86    -9.15           -5.37     7.95    -9.19     0.100
      -40.75    -4.73   -37.49          -40.95    -4.70   -37.54     0.207
       -7.07     6.95   -25.67           -7.09     6.97   -25.70     0.038
       -7.50    10.12    -2.38           -7.20    10.06    -2.08     0.429
      -32.46    -7.85   -47.06          -32.18    -7.92   -46.71     0.451
       14.46    24.62    21.23           14.54    24.82    21.28     0.217
       -0.10     7.04   -11.33            0.44     7.40   -11.79     0.799
       11.18   -14.93   -11.05           11.42   -14.90   -11.15     0.259
      -15.64     9.44   -32.30          -15.55     9.60   -32.36     0.197
      -10.62     8.21   -28.46          -10.73     7.97   -28.45     0.264
      -23.75     4.10   -18.55          -23.89     4.21   -18.43     0.206
       31.19     3.52   -12.72           31.19     3.51   -12.71     0.007
      -39.30    -1.47   -36.52          -39.45    -1.17   -36.62     0.349
       18.54    -5.55    23.01           18.58    -5.12    22.92     0.441
      -25.32    -7.41   -10.36          -25.53    -7.43   -10.21     0.249
        0.71    20.61    54.21            0.97    20.38    54.12     0.363
       -1.52     8.51   -10.02           -1.57     8.75   -10.12     0.261
       20.79    -4.97    54.64           20.87    -5.26    54.73     0.308
      -32.71   -25.56   -21.78          -32.53   -25.24   -21.92     0.397
        3.05    17.47   -11.14            2.78    17.78   -11.14     0.409
      -38.37     0.43   -31.37          -38.13     0.12   -31.54     0.430
       -3.19    -0.70    46.62           -3.46    -0.79    46.63     0.284
       28.43    10.05    30.41           28.30     9.90    30.37     0.200
       -0.68   -19.64   -17.54           -0.64   -19.70   -17.54     0.066
       -6.22     6.39    27.81           -5.79     6.47    27.52     0.529
       -3.49     8.66    45.21           -3.32     8.70    45.18     0.174
      -39.79    -3.10   -36.89          -39.72    -3.06   -36.82     0.098
       26.78     3.44    55.95           26.68     3.44    55.92     0.104
        6.12    -0.90   -16.69            6.32    -0.61   -16.80     0.365
       20.45    21.85    18.70           20.24    21.42    18.72     0.479
       18.74    19.62    53.14           18.70    19.48    53.10     0.159
       17.91    -5.98    16.10           17.90    -5.92    16.10     0.060
        2.75    14.91    -4.14            2.60    14.86    -4.11     0.158
       -3.49     7.26    45.27           -3.48     7.26    45.27     0.006
       22.41    20.52     0.37           22.54    21.49     0.18     0.993
        1.34    21.23     7.12            1.34    21.24     7.12     0.011
        0.79     2.11   -18.80            1.06     2.47   -18.90     0.464
      -35.31    -1.59   -41.61          -35.21    -1.73   -41.44     0.245
      -16.73     8.84   -38.69          -16.80     8.36   -38.61     0.492
       13.16    23.39    -1.60           13.22    22.74    -1.67     0.656
        4.06    -8.84    14.61            4.40    -9.16    14.81     0.505
       31.52     3.87    24.49           31.63     3.82    24.48     0.127
       12.91    24.50    29.46           12.72    24.14    29.49     0.407
       25.78     1.64    58.32           25.70     1.69    58.31     0.103
      -27.83     4.29   -21.21          -27.88     4.42   -21.07     0.195
       12.26    23.62    41.42           12.24    23.69    41.46     0.084
      -34.88   -25.36   -26.47          -34.98   -25.48   -26.43     0.153
       27.91    14.09    13.35           27.85    14.02    13.30     0.111
        8.20    21.01   -17.74            8.19    21.05   -17.74     0.047
      -16.38    -3.90     1.07          -17.36    -3.90     1.39     1.031
       20.99    18.98    48.75           20.91    18.83    48.79     0.176
