400 pa5-E-Output.txt 6
    -68.4756-157.4146  74.8571 105.5475  48.7390 -19.7716
       10.02   -12.96   -18.89           10.46   -13.38   -19.09     0.640
       32.76    -2.22    26.70           32.49    -2.03    26.64     0.337
      -33.28    -0.73    -8.96          -33.19    -1.06    -9.54     0.674
       24.41    15.44    30.79           24.41    15.44    30.79     0.001
       12.86   -14.22     4.26           12.67   -14.36     4.46     0.303
      -42.95    -7.08   -18.09          -43.54    -7.20   -18.28     0.634
        0.21    18.51    50.53            0.10    18.83    50.53     0.336
       -2.98   -21.92   -28.79           -2.63   -22.03   -28.80     0.373
       29.85   -13.60   -11.77           29.64   -12.97   -11.84     0.662
      -14.56     7.64    -3.91          -14.72     7.75    -3.95     0.195
       20.71   -10.05   -15.64           20.62    -9.78   -15.46     0.332
      -24.93   -17.12    -5.38          -24.91   -17.15    -5.21     0.170
      -14.65    11.62    30.52          -13.90    11.56    30.12     0.850
      -30.50   -28.65   -18.83          -30.53   -28.13   -18.85     0.523
        6.89    23.57    -7.05            6.70    23.73    -7.26     0.325
        2.06    23.43    24.51            1.95    24.14    24.91     0.820
      -36.78   -13.64    -7.84          -36.55   -13.61    -8.03     0.290
       23.54    -9.32    13.96           23.41    -8.75    13.76     0.613
        9.21   -10.07    18.13            8.87    -9.09    18.08     1.042
       22.54    -0.30    56.52           22.11    -0.00    55.91     0.803
       -4.53   -24.13   -24.38           -4.59   -23.85   -24.37     0.291
       31.07    16.06   -26.10           31.15    16.09   -26.16     0.104
       18.73    -8.15    20.38           18.77    -7.97    20.33     0.190
      -37.24     4.82   -16.18          -37.06     4.72   -16.31     0.247
      -37.59     5.14   -28.05          -37.37     5.05   -27.98     0.248
      -17.44    -0.87   -43.94          -17.31    -0.79   -44.15     0.263
       -6.53     7.91   -19.26           -6.63     7.25   -19.22     0.673
      -11.90    23.50    22.93          -11.88    23.63    22.95     0.137
      -15.70   -29.43   -19.32          -15.74   -29.30   -19.32     0.131
       -9.96    -5.82   -42.30          -10.22    -5.77   -41.69     0.659
       30.13     6.42    34.84           30.04     6.39    34.73     0.144
        0.91     1.37    56.32            0.88     1.29    55.98     0.353
       30.32    -5.71    20.13           30.32    -5.84    20.16     0.136
       23.17    24.68    11.60           23.23    24.91    11.61     0.244
       44.72     3.96    11.57           44.63     3.97    11.58     0.095
       34.97    -2.62    21.01           34.68    -2.27    20.93     0.460
      -13.41   -23.25   -38.08          -13.51   -23.24   -37.84     0.263
       -8.07    15.92     6.20           -7.60    15.52     6.66     0.770
        9.27   -16.22   -15.02            9.21   -16.02   -14.99     0.209
       17.84     4.77   -19.62           17.94     4.77   -19.45     0.198
       25.02    -9.57    12.82           24.73    -8.74    12.72     0.880
      -32.86     4.78   -36.79          -32.81     4.70   -36.78     0.097
        6.39    20.11    50.50            6.36    20.34    50.50     0.235
      -32.71   -17.37   -43.13          -32.69   -17.35   -43.09     0.050
       -2.16    -8.06    54.92           -2.13    -7.98    54.93     0.089
       22.26    -6.44    42.48           22.01    -5.99    42.15     0.612
        5.53   -16.86   -21.69            5.31   -16.42   -21.62     0.492
       -4.06    -9.16   -39.91           -4.01    -9.17   -40.02     0.120
      -18.31    11.38   -18.98          -18.33    11.03   -18.96     0.346
       11.92   -15.13     2.12           11.99   -15.12     2.08     0.083
       34.00     0.72    28.16           33.74     0.82    28.10     0.288
       41.39    10.89    13.39           41.50    10.94    13.50     0.157
       -7.40     1.49   -36.97           -7.45     1.43   -36.95     0.079
       10.30    -8.73    38.75           10.29    -9.09    38.72     0.356
      -14.87     3.60    24.09          -15.00     3.59    24.10     0.132
      -11.88    10.37     0.42          -11.99    10.50     0.58     0.235
       -8.78   -23.53   -13.03           -8.69   -23.85   -13.02     0.332
       23.26    25.74   -17.31           23.30    25.93   -17.32     0.189
       21.48    14.23    47.29           21.31    14.08    47.43     0.275
       22.45    -5.80    48.09           21.83    -4.88    48.09     1.107
       -0.32    23.39    10.12           -0.41    23.57    10.14     0.204
       -8.77   -24.51   -31.23           -8.94   -24.39   -31.22     0.210
      -11.89     9.49    -1.90          -12.10     9.92    -2.37     0.668
      -16.24    10.83     6.52          -16.16    10.85     7.25     0.734
       28.11    24.25   -18.30           27.67    23.57   -18.24     0.809
        8.04   -10.85   -21.72            8.52   -10.73   -22.18     0.672
       26.81     7.64    45.48           26.73     7.62    45.46     0.084
       36.14    -7.76     2.60           36.09    -7.75     2.64     0.064
       37.97     1.89   -15.61           38.11     1.79   -15.76     0.231
      -18.13     6.89   -11.17          -18.15     7.21   -11.00     0.357
       25.18   -12.97   -14.61           25.51   -13.03   -14.47     0.362
       -0.21   -13.23     7.44           -0.25   -13.03     7.28     0.260
       -5.10    -6.73    49.06           -5.10    -6.73    49.06     0.008
       32.18   -10.43     0.08           32.26   -10.57    -0.00     0.183
      -40.51    -8.72   -36.71          -40.18    -8.80   -36.60     0.357
       26.73    25.43    -4.53           26.63    24.25    -4.52     1.187
       -1.15    18.33    52.94           -1.21    18.51    52.91     0.190
      -21.55     5.89   -11.76          -21.74     5.91   -11.59     0.251
       -9.01   -26.85   -24.07           -8.89   -26.85   -24.00     0.141
       19.26    -7.18    48.25           18.96    -6.69    48.33     0.582
      -10.79    18.39     9.83          -10.28    17.87    10.13     0.796
      -19.76   -17.50    -5.15          -19.78   -17.53    -5.41     0.261
      -21.50    20.41    15.12          -21.46    20.35    15.18     0.092
      -24.65    11.73   -20.99          -24.64    11.84   -20.93     0.127
       -7.92    -8.03    26.07           -7.86    -7.88    26.10     0.166
      -17.73    -9.09   -46.00          -17.45    -8.91   -46.64     0.726
       38.87    15.57    15.22           38.97    15.62    15.12     0.141
       13.26   -16.41    -1.32           13.14   -16.70    -1.22     0.333
       11.42    24.10   -12.63           11.43    24.08   -12.61     0.026
      -21.78     2.17    -3.66          -21.21     1.75    -4.07     0.815
      -34.83   -21.43   -10.93          -35.20   -22.06    -9.98     1.200
       23.38   -11.13   -13.88           23.34   -11.06   -13.83     0.094
      -15.78   -15.32   -44.01          -15.68   -15.45   -44.13     0.204
      -38.06    -0.28   -36.76          -37.75    -0.52   -36.65     0.410
       44.01    10.29     6.88           43.27    10.29     6.84     0.740
      -18.68   -21.67    -7.55          -18.69   -21.60    -7.61     0.100
       -1.38   -19.70   -32.82           -1.39   -19.73   -32.87     0.054
       -8.55   -23.94   -32.86           -8.65   -23.87   -32.86     0.127
       15.97    -8.22    36.51           16.01    -8.76    36.45     0.540
        2.66    -9.32    35.26            2.67    -9.40    35.26     0.087
       -7.24    11.72    -2.78           -7.29    11.95    -2.81     0.238
        0.34    -6.51   -34.73            0.23    -6.67   -34.77     0.198
      -22.21   -16.12    -4.66          -22.29   -15.99    -5.29     0.646
      -36.70     6.23   -29.58          -36.53     5.96   -29.55     0.325
       -0.55   -13.27   -34.12           -0.46   -13.29   -34.20     0.114
       -2.66    -8.85    38.33           -2.90    -9.60    38.35     0.785
      -33.35   -27.35   -19.59          -33.10   -26.92   -19.70     0.510
       -0.48   -17.58    -4.79           -0.28   -18.02    -4.64     0.508
      -22.33    17.49    12.10          -22.19    17.31    12.19     0.244
       22.12    26.54     2.92           22.04    26.12     2.99     0.432
      -12.36     5.80    36.08          -12.38     5.82    36.08     0.029
      -32.60   -21.03   -41.00          -32.51   -20.87   -40.75     0.316
       21.15    24.17   -27.46           21.21    24.37   -27.59     0.243
       33.44    22.33     0.93           33.49    22.39     0.99     0.102
       -5.18   -15.56   -37.95           -5.30   -15.01   -37.38     0.795
      -24.62    10.75   -16.07          -24.69    10.86   -15.94     0.187
       43.06     9.02    12.66           43.17     9.09    12.79     0.179
       27.71   -14.34   -16.93           27.68   -14.48   -16.94     0.140
       20.43    20.62   -31.33           20.47    20.83   -31.00     0.392
       35.30    21.12     5.03           35.44    21.26     5.02     0.200
        1.39    21.76    31.19            1.36    22.01    31.11     0.265
      -17.09   -12.14   -45.33          -17.04   -12.15   -45.44     0.124
      -17.00     4.99    19.04          -17.10     5.19    18.76     0.359
        8.72    -9.14    21.37            8.52    -8.21    21.59     0.975
       -5.56   -22.95   -12.02           -6.01   -23.10   -12.08     0.475
       31.71    18.25   -24.17           31.75    18.27   -24.20     0.052
       34.35    17.44   -19.34           33.94    17.25   -19.26     0.456
       24.97   -14.89     0.28           24.68   -14.55    -0.04     0.544
       40.80    12.45    14.49           40.70    12.47    14.38     0.149
       38.65    -4.95   -15.54           38.29    -4.87   -15.48     0.371
       27.22     4.68   -30.41           27.34     4.76   -30.72     0.346
       10.45    28.01     2.32           10.55    27.80     2.28     0.236
       40.12     2.21    17.77           40.12     2.21    17.78     0.008
       30.29    10.78    29.04           30.51    11.02    29.10     0.336
       27.10    10.38    38.02           26.86    10.26    38.08     0.279
       36.84     4.68   -19.04           36.89     4.65   -19.07     0.064
      -27.55   -25.76   -38.36          -27.53   -25.79   -38.39     0.048
      -16.23     6.52   -37.59          -16.25     6.73   -37.72     0.247
       11.07   -14.95     1.78           11.05   -14.83     1.78     0.122
      -41.40    -5.08   -14.90          -41.75    -4.97   -14.44     0.587
       -5.14   -21.02   -32.57           -5.30   -20.81   -32.44     0.290
      -26.23   -28.88   -15.96          -26.26   -29.04   -15.90     0.181
       30.27    -5.09    23.18           30.35    -5.17    23.29     0.159
       28.05    -2.92   -22.61           27.76    -3.14   -22.83     0.426
       11.71    12.06    56.88           11.68    12.03    57.15     0.269
        7.43    -8.92    31.04            7.39    -9.24    30.92     0.344
       30.88    23.66    -8.52           31.09    23.85    -8.55     0.291
      -13.94    -4.29    17.56          -14.25    -4.57    17.54     0.417
        0.90    19.81    39.69            1.04    18.84    39.64     0.984
       29.51    -7.40    15.36           29.12    -6.61    15.17     0.897
       36.70    -7.12     3.93           36.91    -7.12     3.80     0.245
       37.27    -6.76     5.21           37.65    -6.86     4.98     0.458
      -25.39    11.87   -23.57          -25.42    12.11   -23.62     0.242
      -22.94    -8.16   -47.48          -23.02    -8.23   -47.62     0.180
      -16.63    -1.00    18.56          -17.25    -1.69    18.52     0.929
      -12.50    -7.25    14.88          -12.49    -7.24    14.91     0.038
      -31.51     9.03   -14.82          -31.41     8.77   -14.95     0.304
        6.27    24.41    20.08            6.23    24.65    20.02     0.248
       28.51    -2.65    36.77           28.39    -2.49    36.74     0.207
       29.32    -0.79   -26.30           29.16    -0.92   -26.46     0.255
      -26.66   -11.75   -45.65          -26.66   -11.75   -45.62     0.024
       29.38    24.67     0.28           29.41    24.38     0.26     0.300
       23.01    20.12   -30.37           23.17    20.22   -30.60     0.296
       -9.37    -3.95   -41.94           -9.53    -3.93   -41.56     0.414
      -15.86    -6.16    11.41          -16.16    -6.48    11.60     0.475
      -31.14     2.74   -39.62          -31.26     3.22   -40.15     0.728
       -2.67    10.90    -9.75           -2.63    10.85    -9.72     0.078
      -10.93   -27.75   -25.14          -10.78   -28.17   -25.31     0.479
      -24.59    10.58   -32.19          -24.59    10.62   -32.19     0.044
      -40.04   -16.38   -13.68          -40.19   -16.51   -13.54     0.239
       28.05     0.82    42.47           27.65     0.83    42.33     0.425
       -2.20   -18.90   -32.75           -2.19   -18.89   -32.75     0.005
        4.36    -9.21    35.73            4.34    -9.56    35.53     0.396
       -1.79    17.85    50.87           -1.87    18.02    50.92     0.193
      -24.65    11.08   -17.41          -24.63    11.01   -17.42     0.076
       22.74     8.98    56.07           22.93     9.00    56.10     0.194
       -1.14   -13.37   -34.61           -0.90   -13.42   -34.72     0.266
      -41.47   -16.14   -21.21          -42.00   -16.26   -21.54     0.632
      -13.89   -27.37   -33.12          -13.80   -27.59   -33.13     0.233
       14.37    -4.44   -19.61           14.36    -4.36   -19.39     0.228
       26.41    -0.90   -23.48           26.46    -0.86   -23.44     0.082
      -21.19     5.91   -11.49          -21.43     5.94   -11.27     0.331
      -25.55     8.34   -36.66          -25.88     8.68   -36.90     0.530
      -14.76     8.52     0.80          -15.01     8.74     0.90     0.350
      -22.15     8.74   -13.15          -22.15     8.61   -13.28     0.184
       18.23    26.32    11.21           18.18    25.41    11.30     0.918
      -22.03   -21.51   -41.84          -21.92   -21.20   -41.57     0.431
      -20.36    12.77     8.97          -20.35    12.77     8.98     0.018
       25.00     4.31    53.07           25.04     4.27    53.24     0.180
      -40.45   -18.31   -27.72          -40.30   -18.25   -27.70     0.163
       -0.35     8.73   -14.92           -0.32     8.55   -14.84     0.198
       23.10    10.38    53.71           23.08    10.38    53.70     0.025
      -12.68    16.44     9.16          -12.97    16.23     9.49     0.481
       17.36   -10.64    13.06           17.24    -9.98    12.93     0.689
       33.30     9.02    24.99           33.27     9.01    24.98     0.026
       -8.46    -9.43    17.66           -8.32    -9.27    17.59     0.214
       17.68    -8.66    42.39           17.65    -8.61    42.36     0.070
      -26.65   -30.14   -18.51          -26.59   -29.82   -18.69     0.377
      -20.20    -9.80   -46.85          -20.21    -9.80   -46.84     0.010
       24.87     8.27    50.39           25.60     8.41    50.54     0.754
       13.97    27.71     5.39           13.93    27.61     5.35     0.118
       37.51     1.45    21.25           36.53     1.56    20.52     1.230
        8.59   -16.35    -9.21            8.61   -16.17    -9.23     0.183
        1.53    -2.80   -24.63            1.17    -3.09   -24.34     0.546
        3.08    14.75    57.16            3.15    14.53    57.68     0.568
      -18.96     2.68   -41.40          -18.99     2.87   -41.60     0.276
       -7.26   -22.27    -7.98           -7.14   -22.32    -7.87     0.166
      -36.42     6.79   -28.48          -35.94     6.39   -28.56     0.624
       10.81    21.82    37.44           10.77    21.62    37.14     0.365
      -11.71     9.21    35.81          -10.52     9.06    35.52     1.227
      -13.85    13.00     7.22          -13.92    13.05     7.12     0.137
        5.58    16.33    -9.43            5.91    16.31    -8.86     0.665
       -2.24   -14.88     2.37           -2.73   -15.88     2.72     1.174
      -16.07     8.53   -35.58          -15.92     8.71   -35.67     0.253
      -40.68   -17.67   -14.57          -40.58   -17.66   -14.65     0.128
       26.91     1.89    46.76           26.86     1.90    46.76     0.057
      -12.51   -28.65   -23.87          -12.30   -29.03   -23.74     0.455
      -38.49   -23.56   -20.16          -37.98   -22.97   -20.20     0.781
       14.21    -8.23    34.05           14.19    -8.84    34.15     0.619
      -23.74    -6.33    -1.49          -23.93    -6.19    -1.40     0.248
       -7.82    -4.65    50.03           -7.47    -4.20    50.08     0.572
      -40.21   -19.50   -21.94          -40.57   -19.66   -22.00     0.395
       12.01   -12.22   -17.62           12.07   -12.23   -17.65     0.067
      -27.36   -27.56   -13.14          -27.39   -27.66   -13.06     0.134
       21.57    13.74    49.23           21.63    13.81    49.24     0.089
       -9.61   -25.18   -16.91           -9.56   -25.28   -16.86     0.128
       18.05    25.89   -16.47           18.29    26.94   -16.50     1.076
        8.04    27.11     5.53            8.02    27.21     5.52     0.104
       -7.85   -10.50    15.40           -7.94   -10.54    15.39     0.097
      -10.44     8.59    42.04          -10.28     8.45    42.11     0.219
       -5.37     7.14   -20.62           -5.51     6.90   -20.42     0.343
       -3.46    -8.70    38.37           -3.66    -9.36    38.39     0.691
      -41.85   -12.11   -14.96          -41.50   -12.05   -15.13     0.396
      -14.80    10.49   -16.15          -14.93    10.14   -16.14     0.370
      -16.98    10.47   -28.73          -16.93    10.57   -28.74     0.110
      -41.09   -15.99   -25.04          -40.64   -15.97   -24.88     0.478
       -0.32    22.18    28.75           -0.36    21.58    28.84     0.609
       13.49    19.26    51.21           13.57    20.40    51.16     1.138
      -22.29     0.56   -44.17          -22.03     1.23   -44.38     0.748
       19.08     1.63    56.94           19.12     1.60    57.00     0.076
       36.88    -7.24     5.98           37.34    -7.65     6.04     0.617
       27.75     7.90    41.81           27.37     7.76    41.75     0.410
       29.52    -6.59    18.35           29.52    -5.88    18.37     0.707
      -37.50   -24.24   -25.14          -37.11   -23.86   -25.14     0.546
      -40.09   -19.92   -20.58          -40.29   -20.08   -20.47     0.270
       21.66     1.64    56.51           21.63     1.64    56.09     0.413
      -22.05    14.23    16.97          -22.29    14.23    17.01     0.242
      -16.27     8.68     3.94          -16.20     8.59     4.00     0.122
      -20.53    21.60    15.66          -20.47    21.51    15.73     0.124
      -22.69     8.40   -12.94          -22.69     8.33   -13.00     0.087
       26.68   -11.24     6.34           26.67   -11.12     6.33     0.117
       -8.58    11.87    45.48           -8.51    11.81    45.48     0.097
        7.27    -4.27    57.20            7.26    -4.13    57.56     0.381
        3.90    -9.35    40.30            3.88    -9.27    40.24     0.099
       -4.24    -8.67    38.68           -4.43    -9.00    38.80     0.396
      -22.27    12.30    15.51          -21.98    12.39    15.53     0.308
       -9.35   -24.45   -32.41           -9.13   -24.60   -32.42     0.262
       -6.36   -22.73   -32.45           -6.78   -22.19   -32.62     0.697
       -9.95    -2.95    36.09           -9.77    -2.89    36.08     0.192
       26.64    -6.25    29.10           26.55    -5.72    28.83     0.596
       20.52    26.56     5.04           20.49    26.32     4.96     0.251
       25.68     2.97   -29.28           25.69     2.99   -29.27     0.019
       27.33     0.38    44.65           26.94     0.37    44.55     0.406
       34.03    11.64    20.23           33.97    11.60    20.19     0.082
       15.61    24.54    24.41           15.67    24.95    24.53     0.432
       -7.95     4.17   -30.40           -8.28     3.98   -30.35     0.388
       31.85     6.71    30.33           32.43     7.15    30.79     0.865
        0.58    23.65    15.64            0.44    24.11    15.69     0.491
       20.69    15.34    44.85           20.67    15.24    44.79     0.111
       -8.34    -5.03    46.09           -7.30    -4.58    45.99     1.136
      -21.54    -2.56     2.70          -20.63    -2.29     2.70     0.947
        2.47    -0.64    56.80            2.43    -0.70    56.26     0.538
      -41.62    -8.47   -14.77          -41.73    -8.47   -14.68     0.142
      -31.98     5.36   -36.41          -31.91     5.12   -36.35     0.257
      -21.79   -11.64    -2.24          -21.79   -11.64    -2.24     0.004
       -4.13   -11.97   -38.74           -3.61   -11.98   -39.08     0.626
      -35.44     2.87   -12.33          -35.46     2.97   -11.98     0.366
       12.76    17.23   -25.74           12.15    17.00   -25.63     0.661
      -30.11   -25.45   -12.22          -30.22   -25.89   -11.97     0.517
      -26.72     9.29   -34.10          -26.91     9.64   -34.39     0.493
      -10.08    12.86     3.66           -9.97    12.63     3.74     0.268
       33.77    10.19   -26.53           33.77    10.19   -26.52     0.001
       15.76    -8.30    31.89           15.90    -8.87    31.68     0.616
       24.29   -14.83   -11.72           24.51   -15.04   -11.13     0.662
       28.74    -5.34    26.55           28.61    -5.08    26.55     0.281
       -0.10   -16.74   -35.25           -0.48   -16.68   -34.86     0.543
       16.89    17.03    49.71           17.13    17.19    49.75     0.290
       14.42    26.69    -9.12           14.43    26.68    -9.12     0.007
       41.99    -0.88     8.93           42.11    -0.96     8.90     0.150
      -13.14     4.56   -38.49          -13.06     4.66   -38.60     0.172
       28.04    24.24   -18.14           27.64    23.61   -18.09     0.749
       12.99    -9.41    47.55           13.03    -9.54    47.56     0.144
      -13.51     9.79     2.65          -13.55     9.86     2.69     0.087
       13.94   -13.74     6.38           13.94   -13.71     6.37     0.032
       32.76    22.95     3.82           32.90    23.22     3.75     0.318
        4.18    20.15    43.92            4.37    19.58    43.95     0.602
       36.40     5.60   -20.99           36.38     5.61   -20.98     0.020
       35.21     5.12    25.16           35.18     5.09    25.12     0.055
       38.37    -4.42     3.39           38.29    -4.71     3.15     0.383
       24.67    -1.40    52.40           24.91    -1.71    52.70     0.496
        5.74    21.70    35.07            5.74    21.46    35.03     0.239
      -39.75   -19.50   -27.93          -39.72   -19.49   -27.93     0.034
       15.85   -17.07    -0.79           15.66   -17.56    -0.70     0.533
       -3.12   -22.26   -28.40           -2.73   -22.31   -28.39     0.391
      -19.65    17.04    24.73          -19.38    16.88    24.18     0.636
      -13.28   -25.47   -36.14          -13.39   -25.20   -36.05     0.303
      -23.14    10.39   -33.02          -23.34    10.98   -32.98     0.619
       -8.26    -4.47    49.36           -7.80    -3.87    49.42     0.761
       35.96    18.36    12.67           36.12    18.19    12.56     0.254
       21.77    27.08    -3.81           21.28    26.15    -4.11     1.093
       -7.20   -24.06   -16.79           -7.22   -24.31   -16.66     0.288
      -14.93     8.28    -0.05          -14.92     8.44    -0.23     0.241
       -3.48   -18.12   -35.11           -3.16   -18.01   -35.08     0.344
       36.99    18.29    -7.73           36.65    17.93    -7.71     0.493
      -39.47     4.26   -21.32          -39.44     4.24   -21.33     0.038
       12.17    19.24   -25.19           11.96    19.40   -25.23     0.265
       -1.40   -21.41   -26.14           -1.15   -21.52   -26.06     0.278
      -23.21    14.51    11.36          -23.67    14.51    11.62     0.528
       38.00     5.24    19.98           37.82     5.29    19.84     0.243
       -3.04   -21.91   -28.52           -3.20   -21.70   -28.33     0.323
       16.20   -17.41    -3.58           16.21   -17.31    -3.56     0.099
       15.67    17.07   -33.26           15.59    17.09   -33.12     0.158
      -37.97    -9.94    -9.35          -37.90    -9.94    -9.40     0.092
       24.93   -17.30    -6.34           25.02   -17.40    -6.29     0.143
       -2.88   -13.69     6.51           -2.90   -13.83     6.63     0.181
      -32.64    -6.93    -5.21          -32.66    -6.93    -5.17     0.043
       14.34    -8.39    40.55           14.39    -9.00    40.50     0.619
      -13.92   -28.54   -28.74          -13.88   -28.63   -28.75     0.108
       10.48    -8.45   -20.35           10.47    -8.46   -20.34     0.019
       10.74    -7.29    56.59           10.75    -7.29    56.60     0.017
       25.41    -9.51   -17.54           25.28    -9.47   -17.60     0.145
        1.55    15.80    56.79            1.46    15.88    57.45     0.667
      -35.94     5.01   -32.96          -35.67     4.75   -32.79     0.413
        2.98    23.88     2.59            2.72    24.31     2.39     0.550
      -34.07     9.74   -24.09          -34.07     9.72   -24.09     0.021
      -11.15     0.49    50.96          -11.92     0.06    51.24     0.923
      -27.78   -29.00   -32.62          -27.70   -28.75   -32.52     0.277
       -8.99    -6.85   -41.95           -9.07    -6.90   -41.49     0.474
      -19.51   -23.30    -8.44          -19.30   -23.37    -8.06     0.444
       27.18     8.71    42.42           27.14     8.71    42.42     0.044
       40.88    14.40    -3.13           40.56    13.45    -2.73     1.073
      -37.81     6.35   -23.83          -37.87     6.35   -23.89     0.085
      -36.21   -12.46   -43.19          -36.17   -12.45   -43.14     0.061
       -3.45     1.65   -25.59           -3.68     1.45   -25.54     0.304
        4.92    23.07    -4.59            5.02    23.08    -4.54     0.114
        0.04   -18.44   -33.27           -0.27   -18.31   -33.13     0.358
      -37.51    -4.51    -8.85          -37.17    -4.55    -9.08     0.412
      -19.58    10.77   -31.72          -19.39    11.04   -31.79     0.343
       -8.71     8.89   -14.20           -8.86     8.19   -14.03     0.740
      -35.35   -25.52   -16.86          -35.27   -25.33   -16.90     0.204
      -31.57   -24.43   -11.65          -31.77   -24.78   -11.34     0.507
       -8.02     5.85   -26.17           -8.32     5.66   -26.09     0.364
       -9.37    10.87    52.41           -9.91    11.40    52.23     0.773
      -11.16    16.10    33.61          -11.19    16.11    33.66     0.055
      -21.03     7.73    11.88          -20.49     8.05    11.91     0.636
        5.85    23.12    -6.01            5.74    23.12    -6.06     0.126
       39.89    15.08    -6.73           39.78    14.20    -6.86     0.895
        9.07    -6.34    56.95            9.09    -6.45    57.19     0.273
       17.49     2.77   -19.72           17.69     2.64   -19.41     0.389
       -7.94   -25.23   -19.28           -8.02   -25.11   -19.30     0.137
       15.53    12.45   -25.33           15.04    11.88   -25.26     0.758
       23.47   -14.79     1.74           23.19   -14.45     1.43     0.534
      -11.22     0.86    41.49          -10.83     1.13    41.49     0.477
      -17.25    -9.34   -45.91          -16.81    -9.67   -46.25     0.652
      -38.94   -21.76   -16.52          -38.44   -21.51   -16.47     0.567
      -33.42     9.94   -26.53          -33.36     9.71   -26.53     0.232
       27.12    -8.81   -20.10           27.17    -8.92   -20.17     0.143
       24.55    -0.97    52.44           25.02    -0.99    52.93     0.681
      -13.41    -6.72    14.99          -13.36    -6.72    15.10     0.115
      -42.38    -8.42   -15.50          -42.20    -8.31   -14.98     0.566
      -39.00     4.13   -25.41          -38.95     4.10   -25.39     0.062
       16.04    25.34    18.57           16.00    25.20    18.49     0.165
        7.47    -9.27    41.23            7.47    -9.20    41.24     0.064
      -11.69   -26.62   -31.37          -11.59   -26.78   -31.41     0.194
       -8.28   -25.38   -19.54           -8.30   -25.34   -19.55     0.051
       -1.27   -12.99    10.11           -1.10   -12.78    10.05     0.279
       -4.02   -23.59   -23.99           -3.99   -23.73   -24.00     0.140
       -8.23   -22.70    -8.48           -8.27   -22.92    -8.41     0.232
      -27.73   -18.76    -5.87          -27.75   -18.74    -5.27     0.604
      -22.84    10.70   -32.21          -22.96    11.06   -32.19     0.378
       29.46    -6.73    17.88           29.10    -6.00    17.71     0.832
      -30.85   -28.13   -31.28          -30.78   -27.98   -31.24     0.169
        2.08    19.79    -2.52            2.54    19.58    -2.36     0.530
       21.06   -16.29   -10.44           21.07   -16.29   -10.43     0.010
       40.16     3.46    18.19           40.07     3.48    18.07     0.151
       15.26    -8.55    53.75           15.45    -9.17    53.70     0.652
       32.22    11.54    22.85           32.30    11.59    22.88     0.100
      -14.74     3.07    24.69          -14.90     3.06    24.70     0.164
      -14.26    22.75    23.77          -14.28    23.05    23.96     0.362
      -37.71   -20.91   -35.72          -38.05   -21.18   -35.88     0.473
       35.99    -7.92     2.94           36.19    -7.93     2.78     0.257
        3.81   -18.72   -10.95            3.44   -17.73   -11.14     1.073
      -38.16   -15.99   -11.33          -38.17   -16.00   -11.33     0.016
      -30.17     8.58   -33.93          -30.15     8.55   -33.90     0.051
      -20.30    12.21    22.86          -19.69    12.45    22.76     0.658
        7.71    26.83     5.77            7.64    27.14     5.74     0.327
      -17.67    -6.76   -45.37          -17.29    -6.66   -45.94     0.688
       -4.68    22.60    26.36           -4.67    22.44    26.27     0.185
       11.01    -9.59    55.90           11.16    -8.83    55.58     0.835
      -22.37    19.87    16.83          -22.22    19.75    17.06     0.302
