400 pa5-H-Output.txt 6
    -37.4043  82.9882 -11.3605-113.6581 106.2856-134.1986
       13.09    23.06    15.89           13.44    22.50    15.93     0.656
        4.20   -16.14   -29.67            4.88   -16.36   -29.76     0.712
      -37.99   -16.97   -49.83          -37.81   -16.77   -49.64     0.329
      -44.22    -2.02   -20.26          -43.80    -1.97   -20.19     0.431
       -8.68    14.73    26.14           -9.09    15.20    26.18     0.630
       20.58    12.94   -20.40           21.04    12.80   -20.36     0.482
       28.19    12.03   -27.58           28.20    11.99   -27.48     0.106
       18.00    21.67    41.80           17.98    21.68    41.80     0.023
      -45.02    -6.24   -17.51          -45.04    -6.22   -17.49     0.026
      -41.37     1.62   -39.15          -41.52     1.64   -39.16     0.147
       -2.16   -10.78   -34.19           -2.08   -10.50   -34.36     0.340
        2.46    16.75    32.62            2.52    17.86    32.63     1.107
       -7.67    -3.22   -38.72           -8.02    -3.30   -38.52     0.412
       10.43   -14.80     5.09           10.37   -15.23     5.19     0.442
      -22.93     4.77   -12.39          -22.88     4.85   -12.37     0.095
      -34.42    -0.10    -8.94          -34.29    -0.23    -9.22     0.340
       33.82     4.22   -27.72           33.83     4.22   -27.40     0.326
       36.47     9.99   -16.01           36.22     9.91   -15.92     0.283
      -24.04   -33.04   -37.70          -23.99   -33.48   -38.14     0.621
       12.79    22.22    19.56           12.85    22.11    19.53     0.126
       12.70   -17.03    -1.51           12.68   -17.11    -1.50     0.087
       20.14   -17.16     0.80           19.84   -16.73     0.87     0.523
       20.27     8.78   -22.31           20.41     8.72   -22.31     0.147
       36.14    10.72    -6.04           35.91    10.73    -6.05     0.230
        1.39    -2.80    54.55            1.81    -2.35    54.73     0.635
       30.62    20.70   -15.74           30.77    21.11   -15.90     0.465
      -34.70    -4.91    -8.00          -34.69    -4.91    -8.02     0.021
       36.64     5.73    -4.32           36.92     5.60    -4.34     0.312
      -32.63   -32.20   -24.81          -32.68   -32.29   -24.78     0.099
       21.01   -15.56     3.78           20.58   -15.08     3.42     0.741
      -27.51    -3.27   -53.48          -27.50    -3.30   -53.43     0.057
        1.49    -5.02    21.03            1.37    -5.33    20.97     0.343
       22.67    -3.12     9.18           22.66    -3.11     9.18     0.005
      -34.20     7.75   -43.34          -34.14     7.98   -43.44     0.254
       26.43    -2.57     4.21           26.51    -2.72     4.25     0.169
        8.86     6.90   -15.17            8.81     6.83   -15.11     0.111
       11.29    -4.83   -21.20           11.25    -4.83   -21.42     0.230
      -15.17     9.12   -43.87          -15.23     9.13   -43.88     0.055
       24.86    12.00    17.98           24.61    12.06    17.79     0.316
       15.56   -13.97     7.27           15.53   -13.90     7.24     0.084
       -3.95    -1.87    16.16           -4.58    -2.22    16.37     0.749
      -35.84   -20.69   -47.93          -35.63   -20.50   -47.66     0.396
      -41.78     6.38   -28.86          -41.14     6.20   -28.33     0.842
      -30.50   -31.30   -18.57          -30.62   -31.38   -18.47     0.174
      -31.98    -7.83   -54.19          -31.60    -8.00   -53.65     0.681
       18.13    21.95   -27.69           18.16    21.97   -27.69     0.034
      -25.79   -33.41   -32.00          -25.82   -33.72   -31.93     0.319
       18.18   -17.87     0.31           18.13   -17.72     0.32     0.161
      -13.51   -13.69   -51.08          -13.15   -13.64   -52.31     1.281
       18.54     5.83    42.44           18.06     5.87    42.34     0.488
        5.04    -5.54   -23.97            5.14    -5.60   -24.02     0.114
       27.78    13.82    10.61           27.46    13.59    10.52     0.404
       13.98    24.03    14.59           14.30    23.86    14.42     0.404
        9.61    13.98     1.51            9.71    13.91     1.53     0.125
       30.12    13.49     6.48           29.99    13.28     6.38     0.260
        9.14    10.66    -2.97            9.27    11.22    -3.06     0.584
       28.85    -3.18    -0.08           28.97    -3.45    -0.06     0.299
       35.15    11.68   -16.98           34.85    11.46   -16.61     0.532
      -39.73    -1.96   -11.69          -39.77    -1.94   -11.63     0.071
      -17.14     7.72   -46.65          -17.06     7.55   -46.50     0.241
      -33.04    10.65   -25.84          -32.98    10.54   -25.85     0.122
       20.68    13.58   -26.52           20.65    13.55   -26.49     0.055
      -21.84    -3.93   -53.83          -21.97    -4.15   -53.29     0.597
      -10.43    14.39    26.52          -10.33    14.24    26.53     0.182
      -37.25     6.90   -42.29          -37.23     6.88   -42.29     0.035
       20.22     7.97    31.15           19.99     7.95    31.08     0.238
       -0.11    -3.92    18.75           -0.06    -3.83    18.76     0.107
      -35.75    -3.05    -7.08          -35.91    -2.88    -7.21     0.272
      -17.16   -28.35   -42.52          -17.14   -28.42   -42.50     0.069
       -1.46   -10.27   -34.37           -1.42   -10.20   -34.27     0.131
        2.66    14.52    47.40            1.86    15.44    47.40     1.225
      -18.31    -6.31    -5.37          -18.31    -6.23    -5.44     0.101
        8.70    15.36    63.20            8.53    15.43    63.06     0.229
      -41.26     6.04   -33.13          -40.84     5.90   -33.08     0.447
       21.72     9.28   -26.15           21.70     9.35   -26.11     0.076
       13.31    22.51    29.43           13.29    22.56    29.45     0.057
      -12.69    -1.79     1.49          -12.68    -1.78     1.48     0.015
       21.32    25.56   -11.85           20.86    26.14   -11.91     0.751
       20.42    21.21   -28.37           20.26    21.10   -28.84     0.511
       23.17    -7.41   -12.49           23.08    -7.35   -12.47     0.111
      -44.05    -4.34   -15.90          -43.88    -4.32   -15.92     0.170
       16.18    12.48    56.75           15.76    12.48    56.82     0.423
       19.06     3.95    35.16           19.43     3.68    35.18     0.455
        9.02     8.49   -10.77            8.94     9.00   -10.89     0.533
       22.36   -11.03     4.40           22.41   -11.07     4.41     0.062
      -22.86   -21.16   -52.07          -22.99   -20.48   -51.17     1.137
       33.11     5.96     4.73           33.27     5.94     4.83     0.189
       17.30     9.17   -11.98           17.25     9.24   -12.03     0.105
      -16.44    -6.65    -4.78          -16.31    -6.13    -5.21     0.685
       29.04    23.51    -7.32           29.23    23.68    -7.28     0.261
      -10.63   -29.33   -29.61          -10.67   -29.23   -29.60     0.109
      -20.69    -8.84   -54.13          -20.78    -8.77   -53.89     0.266
      -28.52   -31.50   -39.66          -28.60   -31.61   -39.73     0.151
       32.02     0.89     5.11           31.45     1.12     5.03     0.629
      -24.54   -25.17   -48.47          -24.54   -25.14   -48.43     0.052
        6.79    -4.44    59.98            7.08    -4.58    60.09     0.343
       -2.70   -10.40     3.54           -2.67   -10.35     3.53     0.058
       18.10    15.81    39.33           18.93    16.23    39.21     0.937
        1.71    -2.75    38.94            1.69    -2.78    38.96     0.040
       -0.35    15.08    40.45           -0.24    14.83    40.25     0.337
       -0.41   -16.67   -32.80           -0.41   -16.67   -32.80     0.002
       20.16    18.26    29.92           20.23    18.27    29.96     0.083
       19.28    16.13   -29.31           19.35    16.38   -28.92     0.471
       17.27    25.80    14.19           17.32    25.99    14.24     0.207
       23.26    24.09   -20.04           23.23    23.40   -19.85     0.719
       29.63    13.07     7.53           29.59    13.02     7.50     0.070
      -11.60   -16.87    -5.32          -11.57   -16.92    -5.22     0.112
       21.34     9.10   -27.15           21.17     9.11   -27.17     0.173
      -39.98    -8.88    -9.40          -40.16    -8.92    -9.28     0.220
      -40.54   -12.79   -10.59          -40.33   -12.79   -10.69     0.223
       -2.18    -4.50    13.56           -2.72    -4.20    14.09     0.817
        9.77   -13.95     5.75            9.52   -14.05     5.77     0.261
       13.03     3.24    62.40           13.05     3.24    62.54     0.148
       36.41     3.07    -7.63           36.23     3.15    -7.66     0.197
       -6.50   -24.11    -7.93           -6.43   -24.14    -8.08     0.170
      -35.06   -21.26   -11.22          -34.64   -20.86   -11.57     0.676
       18.25   -11.41    11.68           17.90   -10.65    11.21     0.958
      -43.60    -4.21   -30.43          -43.68    -4.20   -30.44     0.079
      -37.95     4.77   -16.61          -38.20     5.23   -16.35     0.583
       12.25    22.93    15.57           12.81    22.07    15.65     1.024
      -24.60    -3.63   -53.73          -24.62    -3.68   -53.62     0.124
      -35.30   -26.62   -17.18          -35.45   -26.32   -17.28     0.349
       24.17   -10.05    -3.88           24.26   -10.05    -3.91     0.098
       12.13    21.84    19.80           12.37    21.62    19.70     0.339
       23.98    -8.84    -5.73           24.07    -8.86    -5.76     0.100
        8.04    20.27    60.97            7.89    20.55    61.22     0.402
      -22.42   -33.02   -37.79          -22.58   -32.88   -37.66     0.248
       -1.14    -5.16   -30.58           -1.15    -5.16   -30.57     0.017
       -8.62     3.97    -6.86           -8.82     4.10    -6.84     0.237
       18.18    14.51    40.48           19.21    14.22    40.75     1.097
       -3.68   -27.48   -15.71           -4.10   -26.98   -16.08     0.748
        6.15    -4.12    42.02            6.06    -4.27    42.08     0.184
      -30.44   -26.59   -11.78          -30.39   -26.68   -11.68     0.144
      -22.67    14.93   -21.49          -22.67    15.45   -21.51     0.518
      -28.61     7.30   -45.11          -28.60     7.26   -45.09     0.045
       36.82     8.77   -13.22           36.95     8.79   -13.26     0.136
      -37.74     9.32   -31.06          -37.70     9.15   -31.06     0.173
       -5.49     7.99   -13.23           -5.47     7.73   -13.26     0.269
       20.15    26.77    -4.88           20.15    26.12    -4.80     0.652
       -4.21    15.36    40.97           -3.82    14.99    40.81     0.559
       20.98    19.67   -28.15           21.10    19.97   -28.86     0.782
        6.13    13.54    63.72            6.12    13.53    63.70     0.022
      -44.08   -14.50   -22.78          -44.18   -14.52   -22.75     0.105
       16.57    13.24    50.08           16.12    13.07    50.00     0.486
       17.08     3.06    50.42           16.94     3.09    50.42     0.138
       31.10    10.15   -27.58           31.06    10.21   -27.48     0.130
      -13.82   -30.68   -28.67          -13.81   -30.73   -28.68     0.050
       -8.93    -2.64     6.93           -9.40    -2.84     7.05     0.523
       15.88    13.18    55.15           15.48    13.03    55.22     0.440
       -4.09    13.46    41.30           -4.15    13.43    41.06     0.243
        2.36    -9.64   -28.70            2.23    -9.71   -28.57     0.191
      -10.14    12.88    23.92          -10.20    13.14    23.23     0.743
       18.18    25.08    15.09           18.18    25.04    15.07     0.043
      -19.89   -23.71    -8.57          -19.86   -23.65    -8.26     0.315
        9.62     1.89   -19.78            9.75     2.50   -20.13     0.714
       16.04    23.84    38.58           16.07    23.66    38.60     0.185
      -17.16   -28.09   -15.62          -17.10   -28.11   -15.59     0.071
      -38.26   -22.17   -44.44          -38.41   -22.22   -44.58     0.214
       -7.86   -21.95    -9.59           -7.82   -22.05    -9.14     0.461
      -14.03     9.99   -17.73          -14.14     9.51   -17.87     0.506
       18.41    20.86    39.32           18.15    20.91    39.31     0.266
      -44.43   -13.81   -44.20          -44.87   -13.82   -44.56     0.569
       17.71    19.82   -19.35           18.23    19.93   -19.33     0.530
       -4.58    -0.73   -32.56           -4.46    -0.21   -33.06     0.733
       35.72    15.22   -13.91           35.80    15.29   -13.90     0.109
       21.25    25.68   -12.30           20.89    26.13   -12.29     0.575
       -8.17    -4.17     6.06           -8.12    -3.99     6.05     0.194
       22.75    25.58   -15.27           22.84    25.90   -15.34     0.344
      -10.30   -24.45    -9.11          -10.30   -24.44    -9.10     0.008
       12.16   -17.63    -4.03           12.52   -17.46    -3.84     0.449
       17.89     8.87    46.22           17.50     8.86    46.14     0.394
      -11.19   -19.75    -7.34          -11.02   -19.97    -7.03     0.418
       -7.81     2.69   -33.21           -7.78     2.83   -33.23     0.144
      -44.50   -17.92   -31.94          -44.48   -17.91   -31.94     0.020
        0.12   -25.09   -28.91            0.31   -25.34   -29.05     0.350
      -18.07    14.27   -24.04          -18.06    14.29   -24.04     0.024
       20.57     9.60    28.54           20.49     9.52    28.57     0.120
      -22.80   -23.29    -8.35          -22.69   -23.20    -8.05     0.337
       28.64    23.53    -3.97           28.70    23.57    -3.96     0.068
      -13.28   -25.80   -11.95          -13.33   -26.52   -11.79     0.746
      -33.87    -8.66    -6.95          -33.65    -8.65    -7.28     0.395
       33.84    13.62     0.32           34.05    14.00     0.50     0.462
      -12.06   -26.76   -40.65          -12.05   -27.43   -40.87     0.704
       20.07    -9.77   -16.73           20.17    -9.71   -16.56     0.202
       29.97    14.31     5.81           29.57    13.95     5.54     0.596
      -43.89    -3.25   -28.97          -43.72    -3.29   -28.96     0.169
       29.71     3.63    10.35           29.69     3.72    10.18     0.188
      -37.69     6.33   -20.34          -37.95     6.94   -20.16     0.685
       13.23    23.22    53.89           13.03    22.98    53.78     0.334
       26.27    12.84   -27.83           26.29    12.85   -27.87     0.047
      -10.63   -25.61   -11.96          -10.79   -25.72   -11.77     0.278
       18.88    23.64    25.85           18.97    23.80    25.91     0.188
       -5.92   -20.78    -8.38           -5.95   -20.64    -8.72     0.373
      -28.56     5.55   -47.28          -28.55     5.54   -47.27     0.017
       -7.92   -26.36   -34.15           -7.59   -26.85   -34.38     0.632
      -31.80     4.56    -9.05          -31.89     4.62    -9.22     0.204
        0.01    -4.04    19.59            0.01    -4.03    19.59     0.010
      -27.38   -24.21    -9.95          -27.32   -24.11   -10.00     0.128
       18.39    13.63    42.11           18.65    13.55    42.17     0.274
      -29.70   -27.51   -44.12          -29.70   -27.59   -44.16     0.093
       31.85    10.11   -27.15           31.83    10.14   -27.12     0.044
        3.83    10.34     0.40            3.87    10.25     0.43     0.111
      -41.59     6.62   -25.29          -41.99     6.95   -25.15     0.541
      -36.81     4.90   -12.21          -37.02     5.04   -12.15     0.259
      -17.02   -32.26   -30.95          -17.31   -31.32   -30.85     0.986
       27.39    19.58   -23.73           27.39    19.58   -23.73     0.001
       23.79    12.83    19.80           23.83    12.80    19.82     0.049
      -13.82    -0.26    -1.26          -14.02    -0.18    -1.15     0.242
      -44.44   -13.71   -24.36          -44.77   -13.76   -24.25     0.356
       -8.83     5.16    -9.69           -8.75     4.67    -9.92     0.545
       24.39    -0.05    12.77           24.28     0.18    12.50     0.367
        7.31    -4.99    37.99            7.32    -4.81    37.85     0.227
      -36.79   -19.58   -10.30          -36.81   -19.56   -10.32     0.031
       15.55     1.12    58.98           16.13     1.04    58.85     0.604
      -42.95     1.24   -34.03          -42.50     1.05   -33.94     0.501
        4.47     1.41   -23.61            4.46     1.40   -23.60     0.012
       10.13   -16.84   -12.69            9.73   -16.67   -12.60     0.446
       31.85    14.89     1.77           31.64    14.71     1.62     0.309
      -27.42    -7.66    -8.64          -27.37    -7.66    -8.56     0.102
      -39.04     1.72   -12.95          -39.07     1.79   -12.87     0.105
      -24.16   -13.23   -54.78          -24.17   -13.22   -54.75     0.034
      -10.90   -29.43   -29.03          -10.90   -29.43   -29.03     0.009
       -4.10     4.57    42.11           -3.51     4.88    42.06     0.665
       13.86    -0.78    59.88           14.20    -1.16    60.05     0.532
       11.83    -4.63    32.97           11.92    -5.10    33.05     0.483
      -16.70   -27.21   -44.95          -16.73   -27.88   -45.26     0.743
      -29.05    -3.85   -53.58          -29.01    -3.95   -53.42     0.191
      -11.24    -4.84   -46.24          -10.76    -4.80   -46.59     0.588
        0.04     6.33    64.11            0.04     6.33    64.13     0.027
       19.56    -1.71    19.20           20.01    -1.94    19.44     0.554
        4.44    16.20    53.36            4.58    16.14    53.38     0.154
       14.24   -11.98   -17.22           14.24   -11.98   -17.23     0.012
       19.62    27.74     7.13           19.62    27.45     7.00     0.314
       34.66     1.33    -2.80           34.43     1.52    -2.76     0.305
        9.04    -8.99    26.97            9.45    -9.42    27.15     0.619
      -19.09    15.16   -32.63          -19.07    15.23   -32.64     0.071
        6.81   -19.96   -15.50            6.60   -19.90   -15.55     0.221
       -3.49    -3.01    14.33           -3.50    -3.10    14.30     0.097
       20.87    19.93    28.12           20.88    19.93    28.12     0.008
      -35.47    -2.86    -7.20          -35.62    -2.70    -7.33     0.259
       -7.98   -26.11   -34.99           -7.69   -26.54   -35.20     0.560
       -9.47   -20.02   -44.05           -8.91   -19.55   -44.59     0.911
        8.57     8.73    62.94            8.45     9.23    62.51     0.669
        3.35    -9.36     8.36            3.40    -9.45     8.38     0.105
        4.41    -5.75   -24.63            4.64    -5.88   -24.74     0.283
        3.28   -24.71   -26.99            3.37   -23.82   -26.67     0.951
      -12.92   -27.28   -14.66          -12.93   -27.28   -14.65     0.015
      -19.05     2.24   -50.36          -19.05     2.20   -50.33     0.059
       -6.82   -10.57   -40.90           -6.13   -10.39   -41.38     0.867
       15.35   -10.61   -18.10           15.30   -10.47   -17.96     0.202
      -29.68    10.83   -18.31          -29.59    10.72   -18.37     0.156
        5.05    13.07     5.89            5.06    13.06     5.89     0.017
       14.75    13.30    -5.58           14.58    13.34    -5.74     0.233
      -21.66   -25.66   -11.17          -21.53   -25.25   -11.32     0.451
       12.95    22.96    -1.40           13.00    22.93    -1.37     0.059
       23.18     6.42   -22.60           23.14     6.40   -22.69     0.100
       -3.45     2.07    38.07           -3.03     2.24    38.11     0.450
       -9.39     8.42   -16.14           -9.47     8.19   -16.27     0.270
       -7.60   -19.88    -8.54           -7.60   -19.94    -8.35     0.196
       15.78     0.40    45.05           15.91    -0.11    45.25     0.564
       21.01    12.74   -28.04           20.84    12.73   -28.34     0.349
      -10.33   -27.19   -37.24           -9.90   -27.57   -37.34     0.589
       16.96    22.87    19.87           17.14    23.29    20.08     0.504
       23.06    10.69    20.43           22.89    10.77    20.34     0.207
      -17.36   -29.64   -40.66          -17.33   -29.76   -40.76     0.162
       16.62    -5.79   -20.58           16.71    -5.91   -20.79     0.258
       -1.92    11.42    47.91           -2.33    11.71    47.93     0.494
       -6.67     3.96    18.14           -7.38     4.18    18.09     0.744
       18.76     7.08   -18.38           18.91     6.92   -18.33     0.220
       12.51    -2.37    35.73           12.63    -2.60    35.79     0.261
      -29.43   -29.53   -15.64          -29.39   -29.13   -15.80     0.430
      -40.05   -18.27   -13.15          -39.71   -18.01   -13.20     0.433
        6.24     6.83    64.62            5.98     6.72    64.19     0.517
      -14.09     7.74   -43.85          -14.16     7.63   -43.84     0.128
       29.06    12.50     8.98           29.10    12.57     9.02     0.092
      -30.60   -28.83   -42.25          -30.59   -28.75   -42.21     0.085
       -9.95     6.06    35.33           -9.67     5.98    35.34     0.294
      -13.30    12.39   -27.72          -13.38    12.11   -27.67     0.291
      -20.87   -27.85   -46.14          -20.90   -27.73   -46.00     0.186
        2.15    12.05    10.52            2.21    12.01    10.55     0.073
       14.94     1.52   -21.01           14.85     1.74   -21.26     0.341
      -25.88   -14.76   -53.83          -25.88   -14.75   -53.83     0.002
       -0.00    -2.02    33.71            0.10    -1.90    33.70     0.160
      -21.36   -19.50   -52.33          -21.37   -19.41   -52.18     0.180
       -3.15   -11.15     1.71           -3.07   -10.99     1.63     0.187
        3.15    -6.77    17.87            3.10    -6.78    17.88     0.045
       16.54    -1.88    28.17           16.67    -1.99    28.22     0.173
       -1.75   -11.04     3.11           -1.70   -10.94     3.07     0.118
      -30.06    13.28   -33.34          -29.90    12.95   -33.28     0.364
       18.31    12.53    40.50           18.73    12.41    40.61     0.452
       -8.31     6.90    23.38           -8.84     6.81    23.38     0.539
        1.69    -6.28   -28.17            1.65    -6.33   -28.14     0.070
      -15.94   -28.65   -41.54          -15.93   -28.70   -41.57     0.061
      -12.79     1.25    -3.19          -13.05     1.56    -3.27     0.404
      -42.28     5.27   -29.33          -41.31     4.99   -28.54     1.280
       17.35     7.86   -14.18           17.36     7.86   -14.18     0.007
        7.80   -12.86   -23.06            7.82   -12.85   -23.08     0.022
      -33.09    -8.35   -53.91          -33.13    -8.51   -53.02     0.910
       24.53    17.41   -26.97           24.69    17.46   -27.09     0.206
       11.35   -14.63     6.12           11.22   -15.12     6.11     0.514
      -15.54    -5.23    -2.91          -15.37    -4.89    -3.05     0.408
       -1.54    -1.65    29.05           -1.49    -1.48    28.94     0.209
       -0.51    17.02    34.04           -0.56    17.14    34.01     0.129
       32.66    15.19     0.57           32.50    14.88     0.42     0.382
       17.37    18.37    42.77           16.91    18.58    42.65     0.525
      -28.40     3.16   -49.92          -28.27     3.04   -49.78     0.220
       -9.26     4.09    -8.03           -9.27     4.14    -8.02     0.049
       21.39     6.50   -21.79           21.40     6.47   -21.82     0.043
       31.96     1.02     5.25           31.47     1.23     5.18     0.538
       17.87     1.03    34.67           17.89     1.03    34.67     0.020
       34.98     2.34   -27.03           35.11     2.38   -27.05     0.141
        7.28    -4.06    47.70            7.26    -4.58    47.67     0.520
      -24.30     5.20   -12.12          -24.10     5.52   -12.05     0.385
       34.40    14.50    -3.66           34.40    14.51    -3.66     0.009
       24.07    -3.53     4.28           24.18    -3.67     4.32     0.185
      -19.54    -4.39    -6.31          -19.36    -4.55    -6.43     0.267
      -14.14    12.93   -26.88          -14.25    12.54   -26.80     0.417
       16.46     3.79   -20.30           16.37     3.86   -20.69     0.403
        2.36   -25.68   -22.64            2.37   -25.20   -22.51     0.499
       36.85     5.16   -15.23           36.70     5.29   -15.14     0.214
        0.04    12.76    12.40           -0.10    12.08    12.41     0.686
      -20.41   -25.49   -10.95          -20.34   -25.32   -10.96     0.180
       13.54   -14.50   -13.50           13.50   -14.88   -13.79     0.479
       32.29    -0.77   -24.72           32.18    -0.80   -24.84     0.164
       32.63     2.31     4.33           32.26     2.55     4.24     0.455
       -3.27    13.27    22.40           -3.33    13.82    22.36     0.554
      -19.75     9.58   -42.55          -19.72     9.53   -42.51     0.071
       28.34    16.27     7.42           28.02    16.43     7.24     0.397
      -22.47   -31.50   -18.51          -22.54   -32.03   -18.42     0.542
        4.15     9.77    -0.68            4.07     9.95    -0.74     0.200
        8.95    13.48     1.89            9.21    13.30     1.93     0.322
        4.38    -4.28    52.64            4.34    -4.36    52.60     0.100
        2.03    -1.81    43.72            1.83    -2.08    43.76     0.340
       -5.39     5.54     4.52           -5.57     5.84     4.48     0.359
       -2.75    16.46    37.01           -2.77    16.51    37.03     0.065
      -37.40   -15.95    -7.95          -37.41   -15.76    -8.56     0.644
       -2.41     0.72    38.65           -2.26     0.80    38.67     0.177
      -44.07    -0.33   -24.88          -43.13    -0.30   -24.76     0.952
       -0.65    -1.95    32.94           -0.32    -1.56    32.94     0.511
       22.10     6.59   -21.91           21.95     6.49   -22.09     0.252
       16.00    -1.01    33.86           16.06    -1.42    33.94     0.422
       27.09    18.62    11.01           26.55    18.77    10.91     0.571
       -3.68    -3.88    13.13           -3.60    -3.88    13.06     0.111
      -30.77    11.81   -37.06          -30.66    11.72   -37.06     0.136
      -31.22   -10.24    -7.27          -30.73    -9.75    -6.95     0.761
        1.00     0.70    64.58            1.00     0.71    65.34     0.759
       18.57    16.61   -22.85           18.74    16.97   -23.07     0.453
       -0.05    13.98    14.87            0.18    13.54    15.05     0.529
      -13.73   -30.52   -29.61          -13.73   -30.51   -29.60     0.010
      -43.27   -19.66   -38.20          -43.21   -19.61   -38.19     0.085
      -12.92   -23.71    -9.18          -12.90   -23.84    -9.08     0.169
        2.64     9.74     1.01            2.69     9.66     1.02     0.085
       -1.37    14.54    23.15           -1.53    14.79    23.08     0.305
       -1.83    13.72    16.85           -1.66    13.40    16.98     0.386
       -4.73   -28.15   -17.47           -4.74   -28.14   -17.48     0.018
      -41.49     6.83   -25.31          -41.85     7.13   -25.19     0.485
       31.57    21.12    -9.03           31.63    21.16    -9.02     0.067
      -43.33   -12.54   -13.03          -43.12   -12.52   -13.06     0.215
       36.82     7.31   -13.55           37.02     7.32   -13.61     0.204
       31.77    16.20     1.44           31.13    16.08     1.13     0.721
      -11.55   -24.50   -43.91          -11.80   -24.23   -43.87     0.372
       -9.08   -16.22   -44.36           -9.70   -16.11   -44.22     0.648
       13.07    -3.84    32.39           13.00    -3.29    32.79     0.676
        2.92   -18.46    -6.85            2.90   -18.51    -6.81     0.067
       33.58    15.11   -18.49           33.51    15.02   -18.45     0.122
        8.33    -7.30    30.52            8.33    -7.49    30.62     0.205
      -44.51    -3.24   -19.80          -44.01    -3.51   -19.77     0.564
      -17.00     3.26   -10.92          -17.06     3.43   -10.79     0.223
        7.88    -6.81    31.33            8.11    -7.36    31.45     0.603
      -13.96     2.16    -7.62          -13.92     2.08    -7.69     0.121
      -25.45   -17.12   -53.80          -25.25   -17.15   -54.14     0.394
       20.16    23.38    23.15           20.22    23.53    23.06     0.192
       -6.21    11.33    20.35           -6.95    11.41    20.13     0.781
       36.07    13.20   -14.93           35.87    13.19   -14.88     0.205
        1.51    -2.71    55.32            1.70    -2.42    55.36     0.348
       36.86     5.91   -15.26           36.73     5.88   -15.26     0.137
       -3.56     5.90    54.03           -3.74     5.81    53.94     0.218
       13.36    -1.15    57.99           13.52    -1.73    58.03     0.604
       -9.03     0.36   -39.35           -9.25     0.31   -39.22     0.257
      -14.39    11.67   -34.39          -14.21    11.77   -34.41     0.208
      -10.39   -18.19   -45.22          -10.33   -18.20   -45.23     0.062
       16.36    -4.53    22.30           16.77    -4.65    22.39     0.432
       11.85   -13.09    11.74           11.69   -12.48    11.42     0.709
        0.18    -1.29    45.50            0.56    -0.94    45.47     0.514
      -10.95     7.61   -13.32          -11.12     6.86   -13.98     1.013
       19.53    -6.90    13.92           20.03    -7.13    13.91     0.544
      -38.27   -28.20   -22.68          -38.58   -28.44   -22.68     0.388
        3.41    -3.79    55.57            3.39    -3.82    55.57     0.033
       -4.37   -13.88   -39.05           -4.47   -13.88   -39.02     0.097
       -6.81    13.17    22.03           -6.78    13.14    22.08     0.072
       -0.63    16.26    39.71           -0.59    16.29    39.92     0.219
       21.21    11.67   -26.57           21.32    11.62   -26.55     0.123
       22.38     0.61   -21.97           22.34     0.65   -21.89     0.107
        2.15    -5.87    17.10            2.27    -5.71    17.01     0.215
       -7.06    12.94    22.03           -7.00    12.89    22.12     0.116
       27.95    16.95   -24.50           27.99    17.05   -24.64     0.173
       20.36    15.90    28.62           21.19    16.00    28.89     0.879
        1.96    -2.96    58.42            1.95    -2.97    58.42     0.014
      -26.86   -33.18   -27.42          -26.90   -32.95   -27.41     0.234
      -14.37   -15.02    -5.28          -14.49   -15.17    -4.83     0.489
