150 pa5-G-Output.txt 6
     -3.5332 -44.5134 -98.5065 142.1668 -55.9859  38.5880
       33.48    12.23   -14.32           33.35    12.06   -14.30     0.208
       37.75    12.97     5.89           37.85    13.04     5.89     0.129
       28.71    -2.87    27.43           28.59    -2.78    27.35     0.174
      -21.48   -27.31   -13.24          -21.64   -27.68   -12.89     0.527
       -9.43   -22.79   -11.13           -9.45   -23.27   -11.26     0.494
      -34.40   -15.29   -34.60          -34.42   -15.28   -34.59     0.020
       -8.11   -10.35     6.50           -8.25   -10.78     6.55     0.450
       34.67    -9.51   -13.86           34.73    -9.62   -13.90     0.133
       -5.84    -3.84    47.55           -6.37    -3.96    47.29     0.604
       15.96   -11.29     6.57           15.95   -11.10     6.53     0.189
       -1.77   -17.35    -8.26           -1.77   -17.38    -8.26     0.035
      -21.91    24.01    26.19          -21.60    23.84    26.52     0.478
       -4.91    24.38    37.08           -4.98    24.55    37.00     0.201
      -31.60    -5.34   -39.24          -31.46    -5.33   -39.16     0.152
       18.11   -14.37    -1.99           18.21   -14.53    -1.93     0.195
        6.93    -8.74    50.21            7.07    -8.06    50.23     0.698
       10.00    22.11    38.82            9.85    21.85    38.72     0.308
      -11.69    10.24   -14.68          -11.65    10.42   -14.63     0.184
       -5.23    -3.29    56.34           -5.31    -3.38    56.37     0.125
       23.97    -1.75   -31.18           23.95    -1.76   -31.34     0.158
      -15.39    27.17    32.94          -15.42    26.87    33.02     0.311
      -30.73     1.63   -37.54          -30.82     1.67   -37.60     0.109
       21.43   -14.41   -28.19           21.44   -14.43   -28.18     0.020
       19.99     9.30   -33.68           19.89     9.49   -33.96     0.353
       19.46   -13.90   -27.11           19.54   -13.78   -26.82     0.323
       33.95     6.44   -18.76           34.02     6.41   -18.97     0.229
      -17.90   -12.70   -44.94          -18.03   -12.51   -45.75     0.843
       27.10    -6.44    23.41           27.17    -5.89    23.33     0.556
       -4.19    12.60    59.96           -4.18    12.34    59.47     0.556
       30.59    18.27   -10.47           30.64    18.30   -10.47     0.061
      -23.41    -2.25   -44.57          -23.56    -2.08   -44.90     0.402
      -19.80   -31.56   -24.25          -19.76   -31.88   -24.23     0.326
        8.48    -8.53    39.15            8.29    -9.01    39.18     0.517
       20.14     3.14    61.08           20.09     3.10    61.42     0.350
       22.72   -15.84    -7.13           22.66   -15.59    -7.57     0.514
       20.29     2.49    61.05           20.23     2.46    61.38     0.335
       -9.34    10.07   -11.16           -9.44     9.78   -11.17     0.305
       12.88   -14.28   -21.34           12.88   -14.27   -21.33     0.017
      -12.63    13.38     4.54          -12.61    13.61     4.58     0.230
       26.39    19.06   -22.41           26.46    19.12   -22.43     0.092
      -10.02    12.33   -24.91          -10.03    12.28   -24.92     0.052
       15.39    25.57   -24.09           15.41    25.32   -24.09     0.250
      -23.60    22.50    30.01          -23.30    22.28    29.93     0.382
        2.44    -8.93    21.13            2.39    -8.69    21.09     0.248
       -8.33   -26.56   -14.24           -8.98   -26.14   -14.67     0.884
       -5.09   -20.33   -40.39           -4.88   -20.40   -40.54     0.273
        5.09    -8.51    21.70            4.98    -7.95    21.61     0.578
        0.88    -8.68    25.16            0.83    -8.51    25.14     0.175
       -4.52   -23.56   -18.90           -4.78   -23.36   -19.06     0.362
      -32.88     5.04   -15.10          -33.12     4.85   -15.49     0.486
      -35.80    -7.73   -12.91          -35.93    -7.74   -12.81     0.165
       28.61    13.20    24.96           27.81    12.64    24.90     0.974
      -29.06     2.58   -13.35          -29.08     2.65   -13.25     0.126
       -4.22   -14.87   -42.13           -4.38   -14.59   -41.85     0.426
       -7.74   -14.37   -44.47           -8.22   -14.22   -43.98     0.703
       -7.77    10.92    -8.89           -7.57    10.49    -8.70     0.511
      -25.15   -23.86   -11.36          -24.92   -23.43   -11.54     0.516
       22.82   -16.14    -7.37           22.78   -15.90    -7.77     0.466
      -31.46    -4.63   -39.28          -31.45    -4.63   -39.28     0.014
       39.31    10.45     0.09           39.52    11.27    -0.38     0.964
       27.10   -11.76     3.77           27.14   -11.88     3.82     0.139
       31.68    17.71     9.96           31.69    17.81    10.19     0.249
       22.15    18.64    48.24           22.38    18.77    48.31     0.270
       31.40    15.78   -13.76           31.62    15.83   -13.90     0.274
        6.59   -17.24   -15.10            6.52   -17.14   -15.03     0.142
      -23.60   -30.42   -24.49          -23.67   -30.56   -24.50     0.155
       -8.80   -11.20   -45.77           -8.71   -11.17   -45.83     0.112
        2.57    -0.93   -22.82            2.39    -1.26   -22.50     0.506
      -10.99     8.04    37.01          -10.89     8.11    36.95     0.142
      -13.07    21.47    17.84          -13.06    21.52    17.75     0.107
       -9.00    -9.07     9.27           -9.22    -9.41     9.44     0.442
      -34.93   -19.93   -15.88          -34.84   -19.95   -15.94     0.109
       -2.20    -8.92    29.42           -2.30    -8.64    29.33     0.307
       -0.89    25.45    23.04           -0.92    25.27    23.07     0.184
       -9.56    12.11   -28.26           -9.61    11.93   -28.22     0.192
      -25.45   -20.95    -7.69          -25.49   -21.04    -7.63     0.114
       -4.17   -17.43    -7.71           -4.14   -17.55    -7.70     0.120
       11.15   -10.33     7.25           11.14   -10.59     7.37     0.285
       27.93   -10.88     5.54           27.97   -11.00     5.58     0.139
       29.05   -16.62    -9.83           28.80   -16.29    -9.84     0.423
        0.00   -17.04    -8.24            0.00   -17.30    -8.25     0.259
       32.11     7.37    22.79           32.38     7.36    22.85     0.276
       26.37   -14.74   -27.31           26.61   -14.78   -27.60     0.372
       -3.64     8.35   -15.79           -3.53     8.46   -15.86     0.168
       33.28    15.30    11.43           33.25    15.21    11.28     0.171
       28.16    -8.71   -26.42           28.46    -8.77   -26.49     0.311
      -17.66     7.02    -3.76          -17.74     7.09    -3.75     0.111
        6.96    17.53   -33.13            6.92    17.39   -32.93     0.242
      -15.04    -8.40   -46.93          -15.27    -7.78   -47.86     1.140
       -5.08   -25.04   -18.88           -5.10   -25.04   -18.90     0.024
       25.50    18.05   -24.60           25.54    18.06   -24.63     0.053
       -2.87    -5.64    58.62           -2.57    -5.50    58.63     0.329
       15.08   -13.63     0.69           15.05   -13.90     0.83     0.304
        6.92    -7.20   -23.92            6.92    -7.20   -23.91     0.009
       15.84    26.03     3.90           15.73    25.78     3.82     0.286
       30.80   -10.87     4.08           30.80   -11.03     4.14     0.180
       25.63    18.87   -24.03           25.68    18.89   -24.07     0.070
        6.74   -14.86   -19.38            6.84   -14.41   -19.05     0.564
       17.61    -6.31    57.44           17.60    -6.30    57.44     0.012
       26.27    21.86     3.44           26.15    21.71     3.44     0.188
       -3.68    22.07    54.72           -3.53    22.63    54.73     0.582
       -2.30    22.55    50.96           -2.24    21.55    50.70     1.031
      -12.05     3.13    30.22          -11.74     3.16    30.17     0.311
       20.87    22.12    11.69           21.06    22.38    11.81     0.348
       32.22    11.13   -19.48           32.49    11.22   -19.58     0.308
        8.15   -17.29   -15.74            8.16   -16.91   -15.67     0.394
      -25.91    12.55   -22.31          -25.95    12.59   -22.31     0.062
       -3.19   -22.81   -21.89           -2.93   -22.73   -21.94     0.284
      -13.83   -23.41   -41.31          -13.78   -23.56   -41.53     0.271
       -0.14    -7.19    51.89           -0.16    -7.51    51.89     0.318
       -6.04   -10.48    20.00           -6.21   -10.82    19.99     0.380
        2.21    -8.83    22.05            2.16    -8.60    22.01     0.234
       32.74   -14.25    -8.46           32.58   -14.11    -8.42     0.215
       -8.50    17.86     6.81           -8.59    17.98     6.76     0.164
       -4.65    -2.73    60.35           -4.64    -2.74    59.40     0.954
       35.06   -11.07    -9.12           35.05   -11.05    -9.11     0.029
      -24.57   -29.70   -26.96          -24.57   -29.59   -26.95     0.111
        0.92    24.60    26.63            1.03    25.57    26.44     0.993
       10.63   -17.55   -16.81            9.95   -17.79   -17.26     0.853
       25.67    -5.75    28.55           25.19    -5.27    28.43     0.689
        2.08    -7.62    37.31            2.16    -7.15    37.37     0.486
      -33.18   -14.40   -35.68          -33.12   -14.43   -35.62     0.090
       -1.22    11.30    -9.44           -1.22    11.30    -9.43     0.013
      -34.05     4.61   -18.70          -33.99     4.57   -18.72     0.080
        8.26    -8.35    33.60            8.03    -8.79    33.59     0.495
       22.32   -15.70   -28.15           22.25   -15.86   -28.29     0.222
      -32.10   -10.55   -37.28          -31.94   -10.44   -37.28     0.194
      -25.51    -6.27    -6.14          -24.96    -6.34    -6.42     0.620
        0.71    -7.36    33.33            0.63    -7.61    33.31     0.265
       18.87     5.21   -32.05           19.04     5.44   -31.63     0.512
       -2.34     4.98   -23.27           -2.32     5.00   -23.32     0.056
      -33.24     3.22   -14.22          -33.09     3.16   -14.28     0.169
      -26.89   -10.69   -43.63          -26.89   -10.69   -43.66     0.027
       32.18    -0.36    21.84           32.02    -0.31    21.75     0.190
        3.25   -14.18   -31.21            3.00   -14.17   -31.25     0.245
      -15.58    12.27     8.14          -15.71    12.38     8.13     0.169
       -4.04   -16.33   -41.43           -4.30   -16.29   -40.98     0.518
       42.11     0.19     7.27           42.08     0.15     7.25     0.051
        8.97    15.84   -33.44            8.93    15.80   -33.30     0.147
      -32.60     7.30   -19.78          -32.52     7.27   -19.82     0.085
      -37.08     1.03   -28.75          -37.30     1.24   -28.91     0.345
       -9.75    -3.32   -45.38           -9.78    -3.29   -45.18     0.207
        2.86     2.46   -18.33            2.90     2.52   -18.37     0.082
      -32.40     6.24   -16.53          -32.40     6.05   -16.64     0.222
        8.63     9.51   -13.40            8.64     9.52   -13.40     0.010
      -33.83   -22.76   -18.38          -33.75   -22.67   -18.36     0.124
       22.45    -5.57    41.12           22.56    -5.70    41.11     0.168
      -33.99   -22.38   -29.66          -33.76   -22.14   -29.42     0.408
       -2.60    21.42    57.90           -2.58    21.01    57.69     0.462
       24.90    14.48    55.58           25.29    14.52    55.66     0.409
