150 pa5-B-Output.txt 6
     74.4831-192.7506 -94.6029 136.6587  52.4793  43.0591
      -13.92     9.92    53.47          -13.78     9.91    53.42     0.144
      -18.37   -26.38   -33.42          -18.40   -26.18   -33.36     0.216
       20.40    25.75   -25.75           20.39    25.93   -25.75     0.182
      -27.98     8.40   -31.08          -28.05     8.47   -31.10     0.098
      -13.72   -24.06   -35.65          -13.86   -23.68   -35.20     0.610
      -18.83   -11.05   -42.13          -18.87   -11.10   -42.23     0.126
      -28.78     7.13   -32.09          -28.73     7.12   -32.06     0.062
       -5.94   -17.69    -6.58           -6.02   -17.01    -6.77     0.711
       27.46   -18.70   -10.80           28.23   -19.09   -10.78     0.861
       38.50   -10.02    -4.97           38.97   -10.30    -5.08     0.558
      -34.25   -20.63   -27.13          -34.11   -20.55   -27.11     0.160
       28.94    -0.58    27.61           28.74    -0.47    27.58     0.235
      -28.51    11.28   -16.55          -28.49    11.18   -16.61     0.117
       40.89    -0.38    11.68           40.87    -0.38    11.61     0.078
       21.43   -17.94   -22.47           21.43   -17.93   -22.47     0.009
       39.25     7.03   -17.31           39.19     7.03   -17.23     0.097
       38.02    -4.68   -21.24           37.70    -4.70   -21.12     0.335
      -29.95   -25.42   -25.03          -30.15   -25.63   -25.06     0.293
        7.78    18.29    62.26            7.69    18.44    62.85     0.619
       17.40   -16.41     0.51           17.38   -16.57     0.57     0.164
       26.99    -9.87     9.47           27.02   -10.02     9.51     0.148
      -15.47    19.71    22.68          -15.40    19.88    22.63     0.195
      -31.80     1.67   -35.24          -31.76     1.17   -35.10     0.521
      -13.93    12.84   -28.02          -13.83    13.17   -28.05     0.343
        0.72   -13.56    -2.47            0.64   -14.55    -2.24     1.012
        7.64     7.12   -17.36            7.38     6.97   -17.11     0.396
       35.81   -13.35   -12.67           36.25   -13.34   -12.72     0.438
      -13.84   -28.75   -14.72          -14.12   -27.81   -15.04     1.028
       38.44   -11.28   -12.15           38.46   -11.33   -12.16     0.060
       -4.84    18.64     0.53           -4.83    18.60     0.54     0.041
        5.38    13.79   -14.19            5.39    13.93   -13.94     0.281
      -11.35   -22.50   -36.05          -11.40   -22.30   -35.81     0.320
      -30.54     1.02   -36.82          -30.53     0.82   -36.77     0.202
      -22.87   -29.70   -19.77          -23.27   -30.51   -19.82     0.910
      -17.23    13.97   -16.77          -17.41    13.74   -16.88     0.318
      -17.15    -3.51     9.66          -17.10    -3.49     9.64     0.061
      -13.21    14.24     6.29          -13.84    14.35     6.41     0.650
      -38.03   -16.66   -15.25          -38.45   -16.71   -15.14     0.443
       -7.86    -9.16    20.07           -8.02    -9.42    20.03     0.308
      -13.37   -10.27     2.62          -13.35   -10.38     2.65     0.118
      -37.19    -5.88    -9.95          -37.63    -6.02    -9.53     0.620
       24.08     9.28    49.05           24.56     9.16    49.10     0.502
      -17.23    13.64   -26.92          -17.35    13.49   -26.98     0.197
       -0.71   -12.13     8.17           -0.83   -12.31     8.17     0.213
        2.15    21.63    -8.76            2.72    21.67    -8.04     0.912
        3.06    -5.42   -28.55            3.06    -5.42   -28.54     0.007
       29.30    19.75   -29.87           29.44    19.85   -30.01     0.221
      -18.44    14.02   -24.28          -18.50    13.88   -24.27     0.153
       -9.94     5.67    62.31           -9.99     5.65    61.48     0.833
      -21.96    19.73    25.49          -22.03    19.79    25.49     0.089
      -17.38    13.48   -27.00          -17.38    13.46   -27.00     0.013
       27.87   -18.38    -9.96           28.35   -19.00   -10.09     0.790
       28.91   -12.72    -0.22           28.86   -12.45    -0.29     0.285
      -14.41    -7.73   -43.32          -14.31    -7.89   -43.66     0.390
      -33.63    -4.79    -4.26          -33.51    -5.12    -4.66     0.534
       31.43   -16.47   -19.99           31.57   -16.87   -19.89     0.430
       24.91   -11.17     7.27           24.87   -10.94     7.22     0.243
      -25.18    -2.53    -5.80          -24.94    -2.84    -6.17     0.547
       12.89    23.00   -26.58           13.38    21.59   -26.71     1.499
       23.00    24.89   -31.07           23.01    25.38   -31.06     0.495
       10.26    24.88   -17.79           10.42    24.65   -17.88     0.292
      -14.91   -30.12   -20.35          -14.94   -29.96   -20.38     0.157
      -12.97     4.12    47.14          -13.42     3.66    47.38     0.687
       38.97    17.50    -5.91           38.75    16.93    -5.99     0.618
       43.20    -4.53   -16.85           42.93    -4.42   -16.89     0.294
        3.81   -15.17   -26.10            3.70   -15.03   -26.03     0.193
      -21.14    19.52    30.52          -21.12    19.48    30.49     0.057
       20.85    20.28   -35.61           20.70    19.78   -34.94     0.848
      -38.88   -14.86   -19.10          -38.67   -14.67   -19.18     0.284
      -37.08   -13.23   -29.95          -37.08   -13.23   -29.95     0.001
      -13.99     8.11    58.25          -14.24     8.01    58.27     0.262
      -35.42   -20.70   -20.99          -35.24   -20.51   -20.94     0.262
      -11.27     3.14   -38.97          -11.17     3.31   -39.16     0.277
       14.88    -7.81    44.97           14.57    -7.35    44.92     0.554
        0.25   -18.39   -23.49            0.02   -18.14   -23.45     0.340
       17.04   -20.41   -16.46           16.91   -20.56   -16.50     0.196
       27.19    -0.98    30.94           27.09    -0.94    30.81     0.174
        2.01    -9.81    21.53            2.57    -9.24    21.51     0.806
       -1.14   -18.40   -32.57           -0.97   -18.65   -32.81     0.386
      -31.11     5.51   -31.19          -31.15     5.65   -31.26     0.163
      -22.01    -0.58   -41.24          -22.24    -0.20   -41.97     0.860
       19.12    16.30    61.95           19.36    16.54    62.09     0.367
      -39.94    -1.85   -16.85          -39.56    -1.88   -17.18     0.498
      -21.33     4.19    14.35          -20.46     4.51    14.33     0.929
       13.87    -5.13   -25.72           13.93    -5.13   -25.52     0.208
       -1.05    -1.19   -29.36           -0.83    -1.12   -29.42     0.243
      -36.34   -16.13   -32.11          -36.56   -16.29   -32.27     0.318
       19.15    19.49   -36.92           18.96    18.82   -36.02     1.143
       -3.93   -22.08   -32.15           -3.92   -22.09   -32.15     0.010
      -10.31   -27.11   -28.43          -10.20   -27.60   -28.55     0.517
       39.54    -9.81   -15.21           39.66    -9.93   -15.24     0.172
       13.96    26.44    -5.67           13.77    26.01    -6.01     0.580
      -13.49     9.64    -6.04          -13.15     9.04    -5.71     0.765
        3.35   -10.45    17.00            2.82   -10.26    16.89     0.576
      -22.40    -9.46    -0.42          -22.36    -9.49    -0.80     0.381
      -27.91    -3.20   -39.72          -28.49    -2.83   -40.85     1.322
      -24.98     2.56    -8.86          -24.78     2.54    -8.62     0.312
      -12.93    -0.71   -40.87          -12.92    -0.71   -40.88     0.018
       22.46     2.27    49.36           22.34     2.31    49.35     0.122
      -15.80     8.79   -10.99          -16.52     9.23   -10.96     0.843
      -11.67    12.51   -19.27          -11.74    12.30   -19.28     0.217
       -2.97   -20.25   -34.04           -3.10   -20.17   -33.93     0.187
       35.69    13.63   -25.59           35.59    13.58   -25.52     0.132
      -11.62    13.28    62.06          -11.27    13.28    61.10     1.026
      -39.68    -7.77   -15.05          -39.88    -7.74   -15.10     0.204
      -36.93   -17.31   -24.37          -37.13   -17.43   -24.41     0.243
       22.88   -10.54    11.05           22.70   -10.49    11.25     0.276
       -9.04   -18.14    -7.16           -9.03   -18.02    -7.29     0.178
        7.10    -9.05    59.34            7.28    -8.42    59.36     0.657
      -29.21   -14.14   -39.44          -29.20   -14.24   -39.65     0.235
      -22.67   -22.10   -36.73          -22.90   -21.73   -36.10     0.759
        9.62    25.17     0.44            9.62    24.66     0.38     0.507
      -11.87   -15.01    -3.12          -11.86   -15.02    -3.11     0.017
       24.67    14.98    31.89           24.72    15.02    31.90     0.065
       29.28    -8.73     9.75           29.26    -8.72     9.74     0.026
       -2.83   -21.79   -26.24           -2.23   -21.78   -26.10     0.618
      -39.82   -11.60   -15.68          -40.16   -11.73   -15.50     0.398
       41.85    15.25     4.18           41.63    15.15     4.42     0.341
       26.23    21.34     5.43           26.31    22.10     5.58     0.778
       23.86   -15.56    -2.67           23.84   -15.00    -2.74     0.569
      -25.69   -20.99   -37.73          -25.65   -20.84   -37.53     0.255
       13.46    21.66    60.90           13.63    21.71    61.04     0.234
       -7.98   -24.51   -31.00           -8.40   -25.26   -31.77     1.153
      -20.06     2.12     8.13          -19.92     2.18     8.11     0.160
       12.65    14.23   -23.33           11.60    13.16   -23.11     1.516
       36.07   -11.69   -22.87           35.66   -11.50   -22.84     0.448
       -8.94    -7.73   -41.47           -9.22    -7.64   -41.23     0.384
       18.31    -7.21    38.63           18.05    -6.06    38.48     1.189
      -34.44   -20.11   -27.77          -34.40   -20.07   -27.75     0.068
       32.44    11.20    18.19           31.84    10.56    18.08     0.891
       25.98    23.46   -29.90           26.68    23.90   -30.29     0.920
       -4.24    20.32    51.85           -4.26    20.43    51.83     0.117
       -9.04    19.16    46.19           -8.87    18.80    46.01     0.441
      -20.47   -30.22   -21.00          -20.36   -30.53   -20.91     0.336
      -35.67     5.39   -23.41          -35.32     5.13   -23.40     0.448
       14.47   -14.88   -22.44           14.47   -14.40   -22.00     0.657
       -8.99   -11.89     1.85           -9.00   -11.89     1.84     0.018
      -29.69   -24.62   -29.85          -29.48   -24.25   -29.66     0.468
       -8.85   -22.88   -34.99           -9.02   -22.65   -34.71     0.409
      -37.90   -15.58   -20.16          -38.20   -15.64   -20.17     0.307
      -37.13    -5.55    -9.81          -37.58    -5.70    -9.38     0.645
      -30.58   -24.54   -28.29          -30.49   -24.39   -28.22     0.190
       38.40     8.32   -18.86           38.86     8.32   -18.93     0.465
       -4.81   -16.84    -5.03           -4.60   -16.61    -4.92     0.334
       34.69    12.51    12.87           34.49    12.44    12.78     0.236
       -6.85     9.22   -21.85           -6.78     8.85   -21.57     0.470
      -15.57   -14.62    -1.65          -15.54   -14.85    -1.22     0.494
      -27.34   -23.80   -10.05          -27.33   -24.24   -10.16     0.457
       -2.38    -0.54   -36.88           -2.30    -0.49   -36.83     0.101
       24.92    14.84   -37.06           25.31    15.02   -37.32     0.499
