150 pa5-C-Output.txt 6
     34.6571-107.3067  77.9070  46.0204 121.0507  54.7387
       38.29    18.87     5.01           38.05    18.75     5.08     0.281
       25.05   -11.74     1.83           25.07   -11.61     1.76     0.145
       -7.43    -3.37    56.88           -7.18    -3.14    56.98     0.347
       -9.66     0.66    51.00           -9.23     0.83    51.11     0.481
        8.02    12.40   -14.66            8.13    12.09   -13.71     1.003
      -21.24   -11.51   -44.60          -21.16   -11.62   -44.69     0.159
      -24.36   -17.90    -6.94          -24.36   -17.89    -6.99     0.051
      -18.11    -4.99   -44.26          -17.75    -5.06   -44.71     0.582
       -5.88   -18.86   -21.97           -6.13   -19.01   -22.05     0.300
      -17.97   -28.87   -31.48          -17.59   -29.18   -31.63     0.512
       -2.12    -8.67    32.93           -2.23    -8.44    32.81     0.283
       24.14    13.94   -34.77           24.24    13.95   -35.01     0.258
      -14.11   -25.42   -35.06          -14.12   -25.40   -35.04     0.035
      -32.11    -0.54   -40.07          -32.17    -0.33   -40.38     0.379
      -12.91     5.77    27.11          -12.87     5.79    27.10     0.045
       19.14    18.53    40.37           19.23    18.63    40.41     0.141
       40.55     5.64   -14.84           40.38     5.63   -14.79     0.174
      -35.62   -25.41   -31.03          -35.26   -25.07   -30.96     0.495
        0.09    20.48    30.10            0.10    20.31    30.07     0.168
       22.97    -2.55    31.70           22.91    -2.42    31.67     0.142
       24.40   -12.60   -14.15           24.49   -12.69   -14.14     0.127
       -9.23   -10.76   -41.74           -9.36   -10.71   -41.45     0.318
       15.12    15.86    65.11           15.14    15.91    65.23     0.131
       24.86     0.77    41.88           24.97     0.71    41.90     0.121
       21.10    14.76    47.49           21.09    14.75    47.49     0.014
       35.53    16.53   -21.19           35.68    16.59   -21.25     0.180
       13.27    23.25   -16.24           13.10    23.22   -16.32     0.188
       22.78   -10.54   -14.22           22.77   -10.72   -14.45     0.295
      -39.23   -10.35   -40.99          -39.05   -10.37   -40.77     0.282
        9.04    22.19    18.01            9.07    22.04    18.00     0.148
       17.79   -11.29     9.26           17.75   -11.17     9.15     0.163
       -1.74    16.20     2.96           -1.77    16.21     2.95     0.030
      -23.08     4.20   -13.83          -23.13     4.16   -13.90     0.093
      -38.98   -21.33   -16.13          -38.47   -21.00   -16.05     0.613
       12.72    -5.27    48.20           12.71    -5.14    48.14     0.139
      -11.04    -1.10    32.89          -10.80    -1.05    32.84     0.248
        7.27    20.92    58.34            7.30    20.20    58.34     0.713
       17.03    -5.11    29.28           17.01    -4.94    29.23     0.176
        0.82    -7.50    50.54            0.84    -7.89    50.55     0.391
       37.86    12.54   -19.61           37.71    12.43   -19.59     0.182
      -12.42    18.33    20.93          -12.45    18.37    20.94     0.049
       21.74    -2.70    34.72           21.62    -2.22    34.71     0.496
       20.78    -9.25     9.78           20.48    -8.90     9.48     0.548
      -22.68   -13.66    -5.90          -22.68   -13.66    -5.89     0.006
      -26.15   -30.61   -25.54          -26.14   -30.59   -25.54     0.014
       20.91    -0.02   -21.82           20.93    -0.07   -21.91     0.101
       28.93     9.75   -33.20           28.81     9.74   -33.05     0.196
       28.45    24.13   -18.19           28.00    23.54   -18.04     0.754
      -29.27   -24.80   -38.62          -29.33   -24.97   -38.92     0.350
        1.00    -8.53    28.68            1.15    -8.93    28.75     0.432
        7.86    -8.16   -23.47            7.89    -8.23   -23.55     0.114
       25.14    23.98   -22.57           25.07    24.45   -22.62     0.472
      -16.27    -6.49     7.15          -16.32    -6.52     7.16     0.055
       21.46    -5.71    19.20           21.49    -5.77    19.20     0.069
       -7.72    -1.38    63.72           -7.42    -1.30    63.53     0.362
       42.13    -0.27    12.32           41.41     0.03    12.20     0.789
       16.90    -6.39    18.74           16.85    -6.72    19.00     0.423
      -29.03     1.09   -40.17          -29.14     1.27   -40.36     0.284
       -0.58    17.32     2.56           -0.91    17.67     2.30     0.546
       -9.79    -1.50    45.13           -9.46    -1.58    45.05     0.352
      -14.79     4.37    17.83          -14.88     4.28    17.82     0.120
       -9.26   -13.66    -3.00           -9.25   -14.11    -2.59     0.608
      -29.44    -8.21    -8.13          -29.49    -8.11    -8.06     0.130
      -29.61   -11.02    -7.21          -29.89   -11.22    -6.70     0.615
       22.44   -11.59   -14.18           22.27   -11.37   -13.95     0.357
      -30.62   -12.22    -6.76          -30.35   -12.24    -6.41     0.452
      -11.95    17.05    24.43          -12.08    17.33    24.56     0.338
       -3.14   -13.18    -3.28           -2.83   -14.30    -3.07     1.176
      -41.14   -18.02   -35.67          -41.31   -18.15   -35.73     0.224
       -2.88     7.96   -19.64           -2.86     6.90   -19.37     1.090
        2.41     2.97   -23.98            2.21     2.57   -23.59     0.588
       29.99     5.93    28.75           29.75     5.85    28.67     0.272
        7.55   -11.58   -20.79            7.49   -11.49   -20.80     0.106
      -39.04     0.28   -33.96          -38.73    -0.01   -33.80     0.461
      -41.73    -0.43   -19.02          -41.73    -0.43   -19.02     0.002
       44.94     6.37    -2.06           44.72     6.30    -2.05     0.229
      -33.21   -26.99   -28.59          -32.98   -26.59   -28.45     0.488
      -29.93   -23.81   -10.81          -30.32   -24.29   -10.16     0.895
        0.87    -8.20    30.87            0.83    -8.12    30.83     0.103
        0.42    -7.61    48.88            0.42    -7.87    48.87     0.260
      -30.45     6.98   -33.07          -30.50     7.41   -33.18     0.452
       41.32    14.01     4.25           40.57    13.48     4.52     0.956
       -5.56   -18.14   -20.80           -5.70   -17.92   -20.76     0.256
      -10.67    -8.00    15.42          -10.51    -7.63    15.41     0.396
        6.67    -6.19    63.59            6.67    -5.97    63.41     0.289
       15.32    -4.11   -20.94           15.32    -4.11   -20.93     0.013
       33.00    10.11   -30.92           33.23    10.42   -31.12     0.433
      -24.04   -30.29   -21.73          -24.03   -30.15   -21.75     0.141
       -8.55    -1.14    56.20           -8.68    -1.24    56.19     0.168
       -4.46    -7.67    42.88           -4.68    -8.10    42.90     0.477
       31.75    -3.42    19.73           31.78    -3.50    19.88     0.173
       29.42    -8.76     5.62           29.47    -8.88     5.66     0.132
       16.08    25.65   -12.46           16.06    25.40   -12.35     0.277
       33.84    13.98    15.55           34.03    14.22    16.18     0.709
       13.19     0.70   -22.15           13.21     0.56   -21.84     0.345
      -32.92   -27.32   -20.00          -32.61   -26.61   -20.01     0.778
      -31.49     5.95   -34.35          -31.72     6.32   -34.42     0.436
       45.35     4.78    -2.49           45.18     4.83    -2.54     0.183
       17.01    12.31   -15.72           17.08    12.30   -15.68     0.082
       12.73     8.25    62.98           12.82     8.15    63.37     0.414
        4.87    -6.16    64.00            4.88    -5.73    63.66     0.548
       12.41   -10.94   -18.03           12.15   -10.94   -17.74     0.386
       11.73    14.57    64.69           11.76    14.62    64.57     0.137
       14.29    23.97     5.70           14.26    23.72     5.62     0.264
       16.83    -6.34   -19.85           16.85    -6.39   -19.96     0.129
       12.21    19.88   -15.88           12.18    19.89   -15.90     0.036
       41.49    12.86     1.36           41.15    12.39     1.31     0.586
      -15.07   -20.87    -9.72          -15.02   -21.07    -9.49     0.312
      -34.75    -2.49    -9.53          -34.96    -2.59    -9.99     0.514
      -38.69    -0.31   -35.35          -38.28    -0.52   -34.99     0.586
       14.88    -5.28    36.97           14.87    -5.26    36.97     0.018
       -2.15    -5.16    64.51           -2.15    -5.15    64.60     0.095
      -20.34    -0.68    -6.64          -20.01    -0.77    -6.70     0.345
      -11.58   -23.47   -15.74          -11.28   -23.88   -15.46     0.576
       14.12    16.40    65.10           14.12    16.40    65.11     0.012
        7.63    -7.84    20.83            7.57    -7.72    20.80     0.136
      -36.92     5.37   -22.02          -36.86     5.01   -22.12     0.378
       17.01   -12.40   -14.43           17.01   -12.29   -14.33     0.139
       26.04    -1.39   -22.03           26.18    -1.24   -21.97     0.212
        0.26    19.07    41.83            0.39    18.31    41.70     0.774
       -6.90   -23.44   -33.37           -7.00   -23.38   -33.35     0.123
       31.42    23.44    -1.09           31.43    23.22    -1.15     0.229
      -10.19   -12.69    -1.54          -10.18   -12.95    -1.30     0.355
      -43.79   -11.49   -21.05          -43.79   -11.48   -21.05     0.007
       16.68    -2.73    55.74           16.52    -2.51    55.75     0.275
      -16.68     5.59   -17.13          -16.63     5.45   -17.17     0.154
       -9.78     7.82    37.80           -9.53     8.02    37.49     0.445
      -14.64    -7.30     9.10          -14.84    -7.52     9.22     0.320
       -8.86     8.61    -2.67           -9.11     9.15    -2.88     0.633
       -1.82    -1.13   -27.30           -1.88    -1.18   -27.30     0.082
      -11.06     2.58   -36.44          -10.36     3.12   -36.46     0.888
       38.46    -5.03   -17.32           38.48    -5.03   -17.32     0.016
       21.80    -3.12    31.21           21.76    -3.01    31.19     0.116
        9.65    24.34     2.72            9.66    24.23     2.67     0.118
       -9.05    -9.41    13.93           -8.89    -9.04    13.84     0.419
      -42.97   -16.91   -32.92          -42.95   -16.90   -32.92     0.025
       29.77     5.95    29.23           29.57     5.89    29.17     0.224
       38.32    10.45    14.04           38.32    10.32    13.71     0.358
       -6.15   -18.85   -35.26           -5.94   -18.74   -35.18     0.245
      -43.84    -5.35   -21.68          -44.30    -5.19   -21.45     0.533
      -14.69    -7.33     8.90          -14.91    -7.56     9.03     0.340
      -42.75   -15.28   -18.30          -42.70   -15.22   -18.33     0.082
       33.81     2.07    22.72           33.79     2.08    22.70     0.031
      -14.50    -1.71    18.75          -14.12    -1.50    18.66     0.445
       11.04    26.15    -5.17           11.06    26.13    -5.17     0.024
      -12.44    -0.41    27.38          -12.33    -0.42    27.32     0.122
      -27.71   -14.11    -6.90          -27.84   -14.35    -6.07     0.869
       43.94     7.85    11.48           43.92     7.84    11.49     0.021
      -37.56   -24.21   -21.04          -36.90   -23.32   -21.14     1.110
       14.92    22.69   -18.00           14.88    22.75   -18.33     0.336
