150 pa5-A-Output.txt 6
     76.5996 -40.5849  -9.1862 157.9178 -34.9335 101.9813
      -10.36    12.77    45.31          -10.34    12.77    45.30     0.015
      -13.19     8.13   -10.76          -13.13     7.92   -10.77     0.223
       -2.01   -12.03    -1.11           -2.01   -12.08    -1.10     0.049
        2.12    24.83    13.34            2.04    24.53    13.31     0.319
       25.52     1.54    52.71           25.97     1.31    52.88     0.531
       -8.25    13.30    60.61           -7.96    13.16    60.53     0.329
        0.27    -6.71    58.01            0.39    -7.06    57.98     0.372
       27.73    12.40    42.10           27.30    12.10    42.22     0.537
       13.76    13.68   -33.79           13.76    13.68   -33.79     0.001
       20.47    22.68    -0.42           20.65    23.34    -0.38     0.688
      -10.05     0.75    46.18           -9.78     0.74    46.14     0.274
       17.61     1.17   -29.45           18.03     1.49   -29.33     0.543
      -16.16     7.29    22.68          -16.60     7.25    23.05     0.582
       12.84    -5.23    65.41           12.84    -5.25    65.45     0.043
      -16.95     1.64    16.08          -17.03     1.60    16.09     0.086
      -18.40   -28.62   -33.21          -18.42   -28.79   -33.14     0.178
       30.71    -4.75   -26.55           30.67    -4.75   -26.54     0.042
        1.82    25.04     7.93            1.82    24.97     7.91     0.072
      -16.95     6.19    -4.78          -16.81     5.94    -4.86     0.288
       27.47    -1.72    38.51           27.53    -1.74    38.53     0.068
      -13.57   -25.83   -37.95          -13.68   -25.30   -37.62     0.639
      -21.12     9.27   -27.12          -21.12     9.37   -27.10     0.101
       19.85     2.99   -32.63           19.74     3.08   -32.83     0.243
       -4.16    18.31    62.81           -4.17    18.32    62.84     0.036
        5.70    -7.50    51.87            5.72    -7.01    51.86     0.491
       -9.04     1.75    58.29           -9.15     1.69    58.26     0.132
       -9.13    17.19     6.88           -9.46    17.44     6.73     0.444
      -18.00     6.47     3.88          -17.55     6.22     4.03     0.536
      -15.38     9.75   -23.19          -15.35     9.89   -23.19     0.137
       -7.11     8.04   -26.40           -7.04     8.21   -26.37     0.188
       21.06   -10.89    -2.26           21.16   -11.03    -2.23     0.178
       34.61   -10.91    -2.51           34.53   -10.83    -2.52     0.114
      -31.91   -21.68   -14.34          -31.51   -21.38   -14.37     0.499
        1.08    -7.54   -33.68            1.23    -7.63   -33.66     0.171
      -18.13     5.10    -1.75          -18.04     5.09    -1.72     0.096
       -3.32    -6.22    41.28           -3.44    -5.92    41.23     0.327
       -5.58    -4.13    59.05           -6.14    -4.47    58.71     0.736
      -28.86   -19.96   -10.35          -28.85   -20.09   -10.27     0.161
       43.06     5.36     7.65           43.54     5.43     8.03     0.618
       -4.63   -18.82   -27.01           -4.17   -18.95   -26.80     0.527
      -13.54     8.90   -31.47          -13.54     8.93   -31.49     0.030
      -15.00     9.18   -19.42          -15.01     9.11   -19.44     0.077
        3.35   -15.24   -12.97            3.35   -15.19   -12.99     0.050
      -15.27     7.16   -36.93          -15.28     7.26   -36.88     0.114
       34.45    10.06   -14.97           34.73    10.31   -15.05     0.388
      -10.60     7.72   -16.81          -10.70     7.40   -16.78     0.335
       26.65    20.98   -11.13           26.61    21.10   -11.12     0.134
        8.05    12.55   -17.72            7.64    12.58   -17.44     0.496
       -9.14   -11.00     1.09           -9.15   -11.14     1.17     0.166
       16.55   -13.77   -21.15           16.47   -13.82   -21.20     0.111
      -33.24   -10.68   -10.05          -33.36   -10.74    -9.93     0.185
       37.03    -8.64    10.05           36.99    -8.55    10.03     0.095
       -0.54    17.10    -9.16           -0.25    16.98    -8.96     0.370
       -9.10    23.65    15.58           -9.17    23.92    15.49     0.292
       23.57    -7.59    18.27           23.52    -7.36    18.25     0.232
       19.96    -3.96    62.85           19.28    -3.49    62.82     0.824
       21.07    -9.61     3.17           21.10    -9.09     3.06     0.539
       -8.95     1.47    53.98           -9.59     1.36    54.21     0.687
      -12.21    13.19     6.46          -12.10    12.90     6.50     0.311
       -4.97   -11.79    -0.40           -4.96   -11.70    -0.42     0.091
      -37.44   -10.30   -17.22          -37.84   -10.20   -16.90     0.521
       27.62     2.24    44.43           28.09     2.15    44.50     0.477
        2.93    23.36    25.90            3.01    23.53    26.01     0.220
       -4.32   -19.12   -30.85           -3.98   -19.19   -30.85     0.352
       21.92   -12.99    -6.65           21.86   -12.90    -6.67     0.110
      -27.98    -7.62    -8.32          -27.97    -7.56    -8.28     0.069
       30.49     5.17    34.50           30.35     5.18    34.44     0.159
       -2.35     0.55   -32.93           -2.20     0.64   -32.96     0.185
       22.69    21.91   -17.17           22.56    21.28   -17.32     0.663
       18.64    19.14    47.62           18.71    19.31    47.64     0.187
       -9.12     4.87    64.60           -8.22     5.38    64.44     1.048
       30.06     6.69    34.95           30.03     6.68    34.93     0.035
       24.90    -4.73   -30.60           24.86    -4.77   -30.78     0.188
       40.44    -2.98   -13.06           40.39    -2.97   -13.07     0.043
       21.96    13.33   -31.03           22.10    13.42   -31.26     0.283
      -29.60    -6.90    -9.29          -29.51    -7.05    -9.46     0.250
      -32.92   -23.63   -29.51          -32.30   -23.05   -29.42     0.852
       -4.94    20.83    52.09           -4.03    20.03    52.35     1.235
       11.82    24.72     0.81           11.84    24.49     0.78     0.228
       28.03    18.17    10.65           28.02    18.14    10.62     0.043
       17.72    -7.79    13.96           17.74    -8.32    13.96     0.534
       35.89    -9.19     1.55           35.84    -9.13     1.56     0.077
       -2.94    -7.81   -44.45           -2.82    -7.77   -44.52     0.147
      -29.07    -3.71   -40.07          -29.44    -3.30   -40.65     0.797
        9.11    10.14   -11.96            9.15    10.17   -11.96     0.050
       -4.81     5.99   -33.26           -4.93     6.16   -33.41     0.258
       25.30    15.14    49.79           25.49    15.37    49.80     0.306
       26.35    -3.09   -31.57           26.21    -3.08   -31.18     0.421
       -8.06    16.72    54.30           -7.72    16.41    54.11     0.494
      -12.24    20.46    40.46          -12.25    20.46    40.46     0.006
       14.86    23.63     5.31           14.85    23.60     5.31     0.029
      -15.94    -7.15   -45.33          -16.05    -6.78   -45.79     0.600
      -33.63     4.78   -21.25          -33.63     4.78   -21.25     0.005
       39.42     1.72    14.72           39.52     1.81    14.82     0.163
      -19.82   -29.65   -30.42          -19.85   -29.70   -30.46     0.072
       10.25    -9.45   -23.48           10.14    -9.66   -23.37     0.268
        1.82    21.68    45.59            1.85    21.89    45.62     0.211
      -36.06   -15.32   -36.35          -36.04   -15.37   -36.32     0.056
       12.37   -16.35   -11.83           12.36   -16.59   -11.88     0.248
      -10.72    -9.27     9.51          -11.09    -9.67     9.67     0.570
      -11.67    -2.74   -42.94          -11.68    -2.75   -42.91     0.036
      -13.15     8.46    -7.89          -12.91     8.11    -7.75     0.450
       24.13   -12.49    -6.40           24.19   -12.45    -6.49     0.107
       -9.04    11.99    58.36           -8.95    12.06    58.40     0.124
       17.54    -2.21    66.12           17.53    -2.18    65.91     0.211
       30.75    -9.55    12.22           30.82    -9.26    12.08     0.320
      -33.69     4.68   -25.75          -33.44     4.47   -25.66     0.344
       10.93    23.68    11.12           10.69    23.10    10.80     0.708
        8.16    23.14    17.20            8.21    22.83    17.28     0.323
      -29.42   -26.12   -23.25          -29.20   -25.99   -23.28     0.255
      -32.18     3.81   -30.72          -32.06     3.68   -30.64     0.197
       -3.49    -3.81    65.22           -3.52    -3.83    64.44     0.781
       14.47   -13.02   -20.83           14.49   -12.96   -20.74     0.103
      -13.43     9.41   -24.13          -13.39     9.67   -24.06     0.273
       25.43   -13.29   -28.99           25.42   -13.29   -28.98     0.007
       -6.51   -11.37     1.69           -6.49   -11.21     1.72     0.161
       16.15    20.56    62.04           16.19    20.62    62.02     0.076
      -30.71    -7.93    -9.02          -30.64    -8.05    -9.17     0.203
       31.19    12.88   -19.14           31.43    13.10   -19.14     0.330
       24.07    22.02    -3.73           24.01    21.88    -3.68     0.161
       -3.66   -17.22   -39.53           -3.94   -17.17   -39.50     0.288
       -7.12   -11.10     3.57           -7.00   -11.21     3.72     0.219
       33.40   -10.25   -18.33           32.73   -10.12   -18.30     0.678
       21.00    20.04    17.11           21.17    20.55    17.27     0.564
       -4.56   -20.71   -36.54           -5.21   -20.48   -36.64     0.702
       -4.32     6.11   -24.33           -4.24     5.86   -24.49     0.308
      -19.60   -24.19   -10.19          -19.85   -24.48    -9.78     0.564
       26.13    14.48    36.90           25.98    14.27    36.84     0.267
       29.53     7.87   -26.34           29.83     7.71   -26.58     0.414
      -39.46   -16.79   -33.85          -39.36   -16.74   -33.78     0.123
       26.90    10.95    51.92           27.40    11.06    51.97     0.514
       38.84     6.07    -8.08           38.77     6.06    -8.06     0.075
       20.38    18.41    51.89           20.35    18.34    51.89     0.075
       23.54   -16.90   -23.44           23.42   -17.13   -23.60     0.305
      -21.40    16.43    22.38          -20.91    16.72    22.30     0.578
       10.76    -7.64     7.63           10.81    -7.80     7.83     0.263
       26.20    21.45     2.37           26.05    21.14     2.34     0.346
        1.11    21.10    57.17            1.06    21.47    57.08     0.386
       41.28     0.48   -14.26           41.09     0.54   -14.33     0.211
      -27.22   -25.16   -36.23          -27.42   -25.46   -36.32     0.369
       24.92    -2.84    45.07           24.51    -2.76    45.05     0.418
      -10.44   -10.85   -44.86          -10.19   -10.78   -45.11     0.367
      -37.36    -1.89   -19.76          -37.35    -2.10   -19.77     0.211
        5.99   -12.82   -21.67            5.99   -12.29   -21.30     0.646
       30.78    19.24    -2.16           30.86    19.38    -2.26     0.184
       12.86   -16.60   -10.20           12.84   -16.85   -10.22     0.248
       24.91   -14.11    -8.12           24.87   -14.22    -8.02     0.156
       -6.99    19.69     6.86           -6.98    19.68     6.87     0.025
       -7.13    23.25    12.75           -7.18    23.45    12.72     0.204
      -11.07   -13.38    -6.99          -11.09   -13.44    -6.95     0.069
